osgb4000000074546008,http://data.ordnancesurvey.co.uk/id/4000000074546008,Blazefield,,,,populatedPlace,Hamlet,417705,465191,5000,25000,417433,464882,417984,465382,HG3,http://data.ordnancesurvey.co.uk/id/postcodedistrict/HG3,,,,,,,North Yorkshire,http://data.ordnancesurvey.co.uk/id/7000000000183627,http://data.ordnancesurvey.co.uk/ontology/admingeo/UnitaryAuthority,Yorkshire and the Humber,http://data.ordnancesurvey.co.uk/id/7000000000041430,England,http://data.ordnancesurvey.co.uk/id/country/england,,,
osgb4000000074331762,http://data.ordnancesurvey.co.uk/id/4000000074331762,Greenhow,,,,populatedPlace,Village,411249,464176,8000,250000,410635,463704,411820,464342,HG3,http://data.ordnancesurvey.co.uk/id/postcodedistrict/HG3,,,,,,,North Yorkshire,http://data.ordnancesurvey.co.uk/id/7000000000183627,http://data.ordnancesurvey.co.uk/ontology/admingeo/UnitaryAuthority,Yorkshire and the Humber,http://data.ordnancesurvey.co.uk/id/7000000000041430,England,http://data.ordnancesurvey.co.uk/id/country/england,,http://dbpedia.org/resource/Greenhow,
osgb4000000074545785,http://data.ordnancesurvey.co.uk/id/4000000074545785,Lofthouse,,,,populatedPlace,Village,410165,473355,4000,250000,409948,473203,410448,473756,HG3,http://data.ordnancesurvey.co.uk/id/postcodedistrict/HG3,,,,,,,North Yorkshire,http://data.ordnancesurvey.co.uk/id/7000000000183627,http://data.ordnancesurvey.co.uk/ontology/admingeo/UnitaryAuthority,Yorkshire and the Humber,http://data.ordnancesurvey.co.uk/id/7000000000041430,England,http://data.ordnancesurvey.co.uk/id/country/england,,"http://dbpedia.org/resource/Lofthouse,_North_Yorkshire",http://sws.geonames.org/2643775
osgb4000000074813543,http://data.ordnancesurvey.co.uk/id/4000000074813543,Thorpe Fell View,,,,populatedPlace,Other Settlement,400410,463665,15000,25000,400157,463419,400657,463919,BD23,http://data.ordnancesurvey.co.uk/id/postcodedistrict/BD23,,,,,,,North Yorkshire,http://data.ordnancesurvey.co.uk/id/7000000000183627,http://data.ordnancesurvey.co.uk/ontology/admingeo/UnitaryAuthority,Yorkshire and the Humber,http://data.ordnancesurvey.co.uk/id/7000000000041430,England,http://data.ordnancesurvey.co.uk/id/country/england,,,
osgb4000000074547281,http://data.ordnancesurvey.co.uk/id/4000000074547281,Heathfield,,,,populatedPlace,Hamlet,413782,467309,5000,25000,413583,467018,414162,467518,HG3,http://data.ordnancesurvey.co.uk/id/postcodedistrict/HG3,,,,,,,North Yorkshire,http://data.ordnancesurvey.co.uk/id/7000000000183627,http://data.ordnancesurvey.co.uk/ontology/admingeo/UnitaryAuthority,Yorkshire and the Humber,http://data.ordnancesurvey.co.uk/id/7000000000041430,England,http://data.ordnancesurvey.co.uk/id/country/england,,"http://dbpedia.org/resource/Heathfield,_North_Yorkshire",
osgb4000000074547508,http://data.ordnancesurvey.co.uk/id/4000000074547508,Greygarth,,,,populatedPlace,Other Settlement,418820,472327,15000,25000,418563,472071,419063,472571,HG4,http://data.ordnancesurvey.co.uk/id/postcodedistrict/HG4,,,,,,,North Yorkshire,http://data.ordnancesurvey.co.uk/id/7000000000183627,http://data.ordnancesurvey.co.uk/ontology/admingeo/UnitaryAuthority,Yorkshire and the Humber,http://data.ordnancesurvey.co.uk/id/7000000000041430,England,http://data.ordnancesurvey.co.uk/id/country/england,,,
osgb4000000074331540,http://data.ordnancesurvey.co.uk/id/4000000074331540,Woodale,,,,populatedPlace,Hamlet,402232,479323,5000,25000,401983,479051,402483,479551,DL8,http://data.ordnancesurvey.co.uk/id/postcodedistrict/DL8,,,,,,,North Yorkshire,http://data.ordnancesurvey.co.uk/id/7000000000183627,http://data.ordnancesurvey.co.uk/ontology/admingeo/UnitaryAuthority,Yorkshire and the Humber,http://data.ordnancesurvey.co.uk/id/7000000000041430,England,http://data.ordnancesurvey.co.uk/id/country/england,,http://dbpedia.org/resource/Woodale,
osgb4000000074546005,http://data.ordnancesurvey.co.uk/id/4000000074546005,Heyshaw,,,,populatedPlace,Hamlet,417226,461822,5000,25000,416976,461576,417476,462076,HG3,http://data.ordnancesurvey.co.uk/id/postcodedistrict/HG3,,,,,,,North Yorkshire,http://data.ordnancesurvey.co.uk/id/7000000000183627,http://data.ordnancesurvey.co.uk/ontology/admingeo/UnitaryAuthority,Yorkshire and the Humber,http://data.ordnancesurvey.co.uk/id/7000000000041430,England,http://data.ordnancesurvey.co.uk/id/country/england,,,
osgb4000000074564363,http://data.ordnancesurvey.co.uk/id/4000000074564363,Grassington,,,,populatedPlace,Village,400333,464197,8000,250000,399597,463530,400623,464714,BD23,http://data.ordnancesurvey.co.uk/id/postcodedistrict/BD23,,,,,,,North Yorkshire,http://data.ordnancesurvey.co.uk/id/7000000000183627,http://data.ordnancesurvey.co.uk/ontology/admingeo/UnitaryAuthority,Yorkshire and the Humber,http://data.ordnancesurvey.co.uk/id/7000000000041430,England,http://data.ordnancesurvey.co.uk/id/country/england,,http://dbpedia.org/resource/Grassington,http://sws.geonames.org/2648197
osgb4000000074547509,http://data.ordnancesurvey.co.uk/id/4000000074547509,Keld Houses,,,,populatedPlace,Hamlet,410337,463930,5000,25000,410171,463627,410671,464150,HG3,http://data.ordnancesurvey.co.uk/id/postcodedistrict/HG3,,,,,,,North Yorkshire,http://data.ordnancesurvey.co.uk/id/7000000000183627,http://data.ordnancesurvey.co.uk/ontology/admingeo/UnitaryAuthority,Yorkshire and the Humber,http://data.ordnancesurvey.co.uk/id/7000000000041430,England,http://data.ordnancesurvey.co.uk/id/country/england,,,http://sws.geonames.org/2645871
osgb4000000074545789,http://data.ordnancesurvey.co.uk/id/4000000074545789,Ramsgill,,,,populatedPlace,Hamlet,411843,471140,5000,25000,411587,470758,412087,471258,HG3,http://data.ordnancesurvey.co.uk/id/postcodedistrict/HG3,,,,,,,North Yorkshire,http://data.ordnancesurvey.co.uk/id/7000000000183627,http://data.ordnancesurvey.co.uk/ontology/admingeo/UnitaryAuthority,Yorkshire and the Humber,http://data.ordnancesurvey.co.uk/id/7000000000041430,England,http://data.ordnancesurvey.co.uk/id/country/england,,http://dbpedia.org/resource/Ramsgill,http://sws.geonames.org/2639659
osgb4000000074547501,http://data.ordnancesurvey.co.uk/id/4000000074547501,Middle Skyreholme,,,,populatedPlace,Hamlet,406842,460728,5000,25000,406586,460678,407086,461341,BD23,http://data.ordnancesurvey.co.uk/id/postcodedistrict/BD23,,,,,,,North Yorkshire,http://data.ordnancesurvey.co.uk/id/7000000000183627,http://data.ordnancesurvey.co.uk/ontology/admingeo/UnitaryAuthority,Yorkshire and the Humber,http://data.ordnancesurvey.co.uk/id/7000000000041430,England,http://data.ordnancesurvey.co.uk/id/country/england,,,
osgb4000000074545786,http://data.ordnancesurvey.co.uk/id/4000000074545786,Stean,,,,populatedPlace,Hamlet,408720,473411,5000,25000,408511,473171,409011,473671,HG3,http://data.ordnancesurvey.co.uk/id/postcodedistrict/HG3,,,,,,,North Yorkshire,http://data.ordnancesurvey.co.uk/id/7000000000183627,http://data.ordnancesurvey.co.uk/ontology/admingeo/UnitaryAuthority,Yorkshire and the Humber,http://data.ordnancesurvey.co.uk/id/7000000000041430,England,http://data.ordnancesurvey.co.uk/id/country/england,,http://dbpedia.org/resource/Stean,
osgb4000000074546010,http://data.ordnancesurvey.co.uk/id/4000000074546010,Pateley Bridge,,,,populatedPlace,Town,415886,465642,12000,2000000,414645,464937,416545,466573,HG3,http://data.ordnancesurvey.co.uk/id/postcodedistrict/HG3,,,,,,,North Yorkshire,http://data.ordnancesurvey.co.uk/id/7000000000183627,http://data.ordnancesurvey.co.uk/ontology/admingeo/UnitaryAuthority,Yorkshire and the Humber,http://data.ordnancesurvey.co.uk/id/7000000000041430,England,http://data.ordnancesurvey.co.uk/id/country/england,,http://dbpedia.org/resource/Pateley_Bridge,http://sws.geonames.org/2640579
osgb4000000074547583,http://data.ordnancesurvey.co.uk/id/4000000074547583,Bedlam,,,,populatedPlace,Suburban Area,416161,465669,2000,25000,415950,465439,416450,465939,HG3,http://data.ordnancesurvey.co.uk/id/postcodedistrict/HG3,,,,,,,North Yorkshire,http://data.ordnancesurvey.co.uk/id/7000000000183627,http://data.ordnancesurvey.co.uk/ontology/admingeo/UnitaryAuthority,Yorkshire and the Humber,http://data.ordnancesurvey.co.uk/id/7000000000041430,England,http://data.ordnancesurvey.co.uk/id/country/england,,,
osgb4000000074547505,http://data.ordnancesurvey.co.uk/id/4000000074547505,Dallow,,,,populatedPlace,Hamlet,419653,471425,5000,25000,419403,471186,419903,471686,HG4,http://data.ordnancesurvey.co.uk/id/postcodedistrict/HG4,,,,,,,North Yorkshire,http://data.ordnancesurvey.co.uk/id/7000000000183627,http://data.ordnancesurvey.co.uk/ontology/admingeo/UnitaryAuthority,Yorkshire and the Humber,http://data.ordnancesurvey.co.uk/id/7000000000041430,England,http://data.ordnancesurvey.co.uk/id/country/england,,,
osgb4000000074546011,http://data.ordnancesurvey.co.uk/id/4000000074546011,Bridgehouse Gate,,,,populatedPlace,Suburban Area,415396,465662,10000,25000,414645,465064,415739,466573,HG3,http://data.ordnancesurvey.co.uk/id/postcodedistrict/HG3,,,,,,,North Yorkshire,http://data.ordnancesurvey.co.uk/id/7000000000183627,http://data.ordnancesurvey.co.uk/ontology/admingeo/UnitaryAuthority,Yorkshire and the Humber,http://data.ordnancesurvey.co.uk/id/7000000000041430,England,http://data.ordnancesurvey.co.uk/id/country/england,,,
osgb4000000074547510,http://data.ordnancesurvey.co.uk/id/4000000074547510,Dry Gill,,,,populatedPlace,Other Settlement,408070,463366,15000,25000,407831,463138,408331,463638,HG3,http://data.ordnancesurvey.co.uk/id/postcodedistrict/HG3,,,,,,,North Yorkshire,http://data.ordnancesurvey.co.uk/id/7000000000183627,http://data.ordnancesurvey.co.uk/ontology/admingeo/UnitaryAuthority,Yorkshire and the Humber,http://data.ordnancesurvey.co.uk/id/7000000000041430,England,http://data.ordnancesurvey.co.uk/id/country/england,,,
osgb4000000074545784,http://data.ordnancesurvey.co.uk/id/4000000074545784,Bouthwaite,,,,populatedPlace,Hamlet,412306,471191,5000,25000,412001,470968,412501,471468,HG3,http://data.ordnancesurvey.co.uk/id/postcodedistrict/HG3,,,,,,,North Yorkshire,http://data.ordnancesurvey.co.uk/id/7000000000183627,http://data.ordnancesurvey.co.uk/ontology/admingeo/UnitaryAuthority,Yorkshire and the Humber,http://data.ordnancesurvey.co.uk/id/7000000000041430,England,http://data.ordnancesurvey.co.uk/id/country/england,,http://dbpedia.org/resource/Bouthwaite,http://sws.geonames.org/2655085
osgb4000000074333645,http://data.ordnancesurvey.co.uk/id/4000000074333645,Hole Bottom,,,,populatedPlace,Hamlet,402395,464098,5000,25000,402137,463864,402637,464364,BD23,http://data.ordnancesurvey.co.uk/id/postcodedistrict/BD23,,,,,,,North Yorkshire,http://data.ordnancesurvey.co.uk/id/7000000000183627,http://data.ordnancesurvey.co.uk/ontology/admingeo/UnitaryAuthority,Yorkshire and the Humber,http://data.ordnancesurvey.co.uk/id/7000000000041430,England,http://data.ordnancesurvey.co.uk/id/country/england,,,
osgb4000000074546007,http://data.ordnancesurvey.co.uk/id/4000000074546007,Glasshouses,,,,populatedPlace,Village,417379,464577,6000,250000,416953,464283,417917,464822,HG3,http://data.ordnancesurvey.co.uk/id/postcodedistrict/HG3,,,,,,,North Yorkshire,http://data.ordnancesurvey.co.uk/id/7000000000183627,http://data.ordnancesurvey.co.uk/ontology/admingeo/UnitaryAuthority,Yorkshire and the Humber,http://data.ordnancesurvey.co.uk/id/7000000000041430,England,http://data.ordnancesurvey.co.uk/id/country/england,,http://dbpedia.org/resource/Glasshouses,
osgb4000000074546009,http://data.ordnancesurvey.co.uk/id/4000000074546009,Bewerley,,,,populatedPlace,Village,415628,465026,3000,250000,415439,464587,415939,465091,HG3,http://data.ordnancesurvey.co.uk/id/postcodedistrict/HG3,,,,,,,North Yorkshire,http://data.ordnancesurvey.co.uk/id/7000000000183627,http://data.ordnancesurvey.co.uk/ontology/admingeo/UnitaryAuthority,Yorkshire and the Humber,http://data.ordnancesurvey.co.uk/id/7000000000041430,England,http://data.ordnancesurvey.co.uk/id/country/england,,http://dbpedia.org/resource/Bewerley,
osgb4000000074547500,http://data.ordnancesurvey.co.uk/id/4000000074547500,Skyreholme,,,,populatedPlace,Hamlet,406573,460372,5000,25000,406385,460164,406885,460664,BD23,http://data.ordnancesurvey.co.uk/id/postcodedistrict/BD23,,,,,,,North Yorkshire,http://data.ordnancesurvey.co.uk/id/7000000000183627,http://data.ordnancesurvey.co.uk/ontology/admingeo/UnitaryAuthority,Yorkshire and the Humber,http://data.ordnancesurvey.co.uk/id/7000000000041430,England,http://data.ordnancesurvey.co.uk/id/country/england,,,
osgb4000000074545780,http://data.ordnancesurvey.co.uk/id/4000000074545780,Low Laithe,,,,populatedPlace,Village,419114,463722,5000,250000,418867,463330,419395,464035,HG3,http://data.ordnancesurvey.co.uk/id/postcodedistrict/HG3,,,,,,,North Yorkshire,http://data.ordnancesurvey.co.uk/id/7000000000183627,http://data.ordnancesurvey.co.uk/ontology/admingeo/UnitaryAuthority,Yorkshire and the Humber,http://data.ordnancesurvey.co.uk/id/7000000000041430,England,http://data.ordnancesurvey.co.uk/id/country/england,,,
osgb4000000074545777,http://data.ordnancesurvey.co.uk/id/4000000074545777,Thorpe,,,,populatedPlace,Hamlet,401329,461822,5000,25000,401097,461382,401597,462015,BD23,http://data.ordnancesurvey.co.uk/id/postcodedistrict/BD23,,,,,,,North Yorkshire,http://data.ordnancesurvey.co.uk/id/7000000000183627,http://data.ordnancesurvey.co.uk/ontology/admingeo/UnitaryAuthority,Yorkshire and the Humber,http://data.ordnancesurvey.co.uk/id/7000000000041430,England,http://data.ordnancesurvey.co.uk/id/country/england,,"http://dbpedia.org/resource/Thorpe,_North_Yorkshire",
osgb4000000074545787,http://data.ordnancesurvey.co.uk/id/4000000074545787,Middlesmoor,,,,populatedPlace,Village,409218,474196,2000,250000,408948,473973,409448,474473,HG3,http://data.ordnancesurvey.co.uk/id/postcodedistrict/HG3,,,,,,,North Yorkshire,http://data.ordnancesurvey.co.uk/id/7000000000183627,http://data.ordnancesurvey.co.uk/ontology/admingeo/UnitaryAuthority,Yorkshire and the Humber,http://data.ordnancesurvey.co.uk/id/7000000000041430,England,http://data.ordnancesurvey.co.uk/id/country/england,,http://dbpedia.org/resource/Middlesmoor,http://sws.geonames.org/2642604
osgb4000000074547504,http://data.ordnancesurvey.co.uk/id/4000000074547504,Hartlington,,,,populatedPlace,Hamlet,403809,461266,5000,25000,403677,460879,404255,461653,BD23,http://data.ordnancesurvey.co.uk/id/postcodedistrict/BD23,,,,,,,North Yorkshire,http://data.ordnancesurvey.co.uk/id/7000000000183627,http://data.ordnancesurvey.co.uk/ontology/admingeo/UnitaryAuthority,Yorkshire and the Humber,http://data.ordnancesurvey.co.uk/id/7000000000041430,England,http://data.ordnancesurvey.co.uk/id/country/england,,http://dbpedia.org/resource/Hartlington,
osgb4000000074547511,http://data.ordnancesurvey.co.uk/id/4000000074547511,Hebden,,,,populatedPlace,Village,402723,462710,7000,250000,402398,462307,403093,463357,BD23,http://data.ordnancesurvey.co.uk/id/postcodedistrict/BD23,,,,,,,North Yorkshire,http://data.ordnancesurvey.co.uk/id/7000000000183627,http://data.ordnancesurvey.co.uk/ontology/admingeo/UnitaryAuthority,Yorkshire and the Humber,http://data.ordnancesurvey.co.uk/id/7000000000041430,England,http://data.ordnancesurvey.co.uk/id/country/england,,"http://dbpedia.org/resource/Hebden,_North_Yorkshire",http://sws.geonames.org/2647208
osgb4000000074545781,http://data.ordnancesurvey.co.uk/id/4000000074545781,Smelthouses,,,,populatedPlace,Hamlet,419237,464258,5000,25000,418867,463963,419587,464463,HG3,http://data.ordnancesurvey.co.uk/id/postcodedistrict/HG3,,,,,,,North Yorkshire,http://data.ordnancesurvey.co.uk/id/7000000000183627,http://data.ordnancesurvey.co.uk/ontology/admingeo/UnitaryAuthority,Yorkshire and the Humber,http://data.ordnancesurvey.co.uk/id/7000000000041430,England,http://data.ordnancesurvey.co.uk/id/country/england,,,
osgb4000000074547763,http://data.ordnancesurvey.co.uk/id/4000000074547763,Ilton,,,,populatedPlace,Hamlet,418960,478316,5000,25000,418703,477909,419246,478489,HG4,http://data.ordnancesurvey.co.uk/id/postcodedistrict/HG4,,,,,,,North Yorkshire,http://data.ordnancesurvey.co.uk/id/7000000000183627,http://data.ordnancesurvey.co.uk/ontology/admingeo/UnitaryAuthority,Yorkshire and the Humber,http://data.ordnancesurvey.co.uk/id/7000000000041430,England,http://data.ordnancesurvey.co.uk/id/country/england,,"http://dbpedia.org/resource/Ilton,_North_Yorkshire",
osgb4000000074547285,http://data.ordnancesurvey.co.uk/id/4000000074547285,Silver Hill,,,,populatedPlace,Hamlet,415450,466573,5000,25000,415089,466378,415589,466878,HG3,http://data.ordnancesurvey.co.uk/id/postcodedistrict/HG3,,,,,,,North Yorkshire,http://data.ordnancesurvey.co.uk/id/7000000000183627,http://data.ordnancesurvey.co.uk/ontology/admingeo/UnitaryAuthority,Yorkshire and the Humber,http://data.ordnancesurvey.co.uk/id/7000000000041430,England,http://data.ordnancesurvey.co.uk/id/country/england,,,
osgb4000000074546006,http://data.ordnancesurvey.co.uk/id/4000000074546006,Wilsill,,,,populatedPlace,Village,418166,464612,4000,250000,417955,464403,418455,465038,HG3,http://data.ordnancesurvey.co.uk/id/postcodedistrict/HG3,,,,,,,North Yorkshire,http://data.ordnancesurvey.co.uk/id/7000000000183627,http://data.ordnancesurvey.co.uk/ontology/admingeo/UnitaryAuthority,Yorkshire and the Humber,http://data.ordnancesurvey.co.uk/id/7000000000041430,England,http://data.ordnancesurvey.co.uk/id/country/england,,http://dbpedia.org/resource/Wilsill,
osgb4000000074545999,http://data.ordnancesurvey.co.uk/id/4000000074545999,Dacre,,,,populatedPlace,Village,419235,460773,4000,250000,418895,460456,419395,461027,HG3,http://data.ordnancesurvey.co.uk/id/postcodedistrict/HG3,,,,,,,North Yorkshire,http://data.ordnancesurvey.co.uk/id/7000000000183627,http://data.ordnancesurvey.co.uk/ontology/admingeo/UnitaryAuthority,Yorkshire and the Humber,http://data.ordnancesurvey.co.uk/id/7000000000041430,England,http://data.ordnancesurvey.co.uk/id/country/england,,"http://dbpedia.org/resource/Dacre,_North_Yorkshire",http://sws.geonames.org/2651626
osgb4000000074547499,http://data.ordnancesurvey.co.uk/id/4000000074547499,High Skyreholme,,,,populatedPlace,Hamlet,407339,460880,5000,25000,407029,460546,407529,461046,BD23,http://data.ordnancesurvey.co.uk/id/postcodedistrict/BD23,,,,,,,North Yorkshire,http://data.ordnancesurvey.co.uk/id/7000000000183627,http://data.ordnancesurvey.co.uk/ontology/admingeo/UnitaryAuthority,Yorkshire and the Humber,http://data.ordnancesurvey.co.uk/id/7000000000041430,England,http://data.ordnancesurvey.co.uk/id/country/england,,,
osgb4000000074545783,http://data.ordnancesurvey.co.uk/id/4000000074545783,Burnsall,,,,populatedPlace,Village,403225,461182,6000,250000,402897,460768,403397,461678,BD23,http://data.ordnancesurvey.co.uk/id/postcodedistrict/BD23,,,,,,,North Yorkshire,http://data.ordnancesurvey.co.uk/id/7000000000183627,http://data.ordnancesurvey.co.uk/ontology/admingeo/UnitaryAuthority,Yorkshire and the Humber,http://data.ordnancesurvey.co.uk/id/7000000000041430,England,http://data.ordnancesurvey.co.uk/id/country/england,,http://dbpedia.org/resource/Burnsall,http://sws.geonames.org/2654259
osgb4000000074547503,http://data.ordnancesurvey.co.uk/id/4000000074547503,Appletreewick,,,,populatedPlace,Village,405239,460107,7000,250000,404591,459883,405597,460383,BD23,http://data.ordnancesurvey.co.uk/id/postcodedistrict/BD23,,,,,,,North Yorkshire,http://data.ordnancesurvey.co.uk/id/7000000000183627,http://data.ordnancesurvey.co.uk/ontology/admingeo/UnitaryAuthority,Yorkshire and the Humber,http://data.ordnancesurvey.co.uk/id/7000000000041430,England,http://data.ordnancesurvey.co.uk/id/country/england,,http://dbpedia.org/resource/Appletreewick,http://sws.geonames.org/2657225
osgb4000000074546000,http://data.ordnancesurvey.co.uk/id/4000000074546000,Dacre Banks,,,,populatedPlace,Village,419638,461928,6000,250000,419217,461473,419918,462332,HG3,http://data.ordnancesurvey.co.uk/id/postcodedistrict/HG3,,,,,,,North Yorkshire,http://data.ordnancesurvey.co.uk/id/7000000000183627,http://data.ordnancesurvey.co.uk/ontology/admingeo/UnitaryAuthority,Yorkshire and the Humber,http://data.ordnancesurvey.co.uk/id/7000000000041430,England,http://data.ordnancesurvey.co.uk/id/country/england,,,
osgb4000000074544361,http://data.ordnancesurvey.co.uk/id/4000000074544361,Leighton,,,,populatedPlace,Other Settlement,416247,479522,15000,25000,416018,479263,416518,479763,HG4,http://data.ordnancesurvey.co.uk/id/postcodedistrict/HG4,,,,,,,North Yorkshire,http://data.ordnancesurvey.co.uk/id/7000000000183627,http://data.ordnancesurvey.co.uk/ontology/admingeo/UnitaryAuthority,Yorkshire and the Humber,http://data.ordnancesurvey.co.uk/id/7000000000041430,England,http://data.ordnancesurvey.co.uk/id/country/england,,"http://dbpedia.org/resource/Leighton,_North_Yorkshire",
osgb4000000074547280,http://data.ordnancesurvey.co.uk/id/4000000074547280,Wath,,,,populatedPlace,Hamlet,414977,467471,5000,25000,414473,467274,415092,467878,HG3,http://data.ordnancesurvey.co.uk/id/postcodedistrict/HG3,,,,,,,North Yorkshire,http://data.ordnancesurvey.co.uk/id/7000000000183627,http://data.ordnancesurvey.co.uk/ontology/admingeo/UnitaryAuthority,Yorkshire and the Humber,http://data.ordnancesurvey.co.uk/id/7000000000041430,England,http://data.ordnancesurvey.co.uk/id/country/england,,http://dbpedia.org/resource/Wath-in-Nidderdale,http://sws.geonames.org/2634674
HG35BB,http://data.ordnancesurvey.co.uk/id/postcodeunit/HG35BB,HG3 5BB,,,,other,Postcode,415576,465821,3500,18000,,,,,,,Pateley Bridge,http://data.ordnancesurvey.co.uk/id/4000000074546010,http://www.ordnancesurvey.co.uk/xml/codelists/localtype.xml#town,,,,North Yorkshire,http://data.ordnancesurvey.co.uk/id/7000000000183627,http://data.ordnancesurvey.co.uk/ontology/admingeo/UnitaryAuthority,Yorkshire and the Humber,http://data.ordnancesurvey.co.uk/id/7000000000041430,England,http://data.ordnancesurvey.co.uk/id/country/england,,,
HG34EG,http://data.ordnancesurvey.co.uk/id/postcodeunit/HG34EG,HG3 4EG,,,,other,Postcode,419653,462098,3500,18000,,,,,,,Dacre Banks,http://data.ordnancesurvey.co.uk/id/4000000074546000,http://www.ordnancesurvey.co.uk/xml/codelists/localtype.xml#village,,,,North Yorkshire,http://data.ordnancesurvey.co.uk/id/7000000000183627,http://data.ordnancesurvey.co.uk/ontology/admingeo/UnitaryAuthority,Yorkshire and the Humber,http://data.ordnancesurvey.co.uk/id/7000000000041430,England,http://data.ordnancesurvey.co.uk/id/country/england,,,
BD235AF,http://data.ordnancesurvey.co.uk/id/postcodeunit/BD235AF,BD23 5AF,,,,other,Postcode,400314,464013,3500,18000,,,,,,,Grassington,http://data.ordnancesurvey.co.uk/id/4000000074564363,http://www.ordnancesurvey.co.uk/xml/codelists/localtype.xml#village,,,,North Yorkshire,http://data.ordnancesurvey.co.uk/id/7000000000183627,http://data.ordnancesurvey.co.uk/ontology/admingeo/UnitaryAuthority,Yorkshire and the Humber,http://data.ordnancesurvey.co.uk/id/7000000000041430,England,http://data.ordnancesurvey.co.uk/id/country/england,,,
BD235AG,http://data.ordnancesurvey.co.uk/id/postcodeunit/BD235AG,BD23 5AG,,,,other,Postcode,400325,463936,3500,18000,,,,,,,Grassington,http://data.ordnancesurvey.co.uk/id/4000000074564363,http://www.ordnancesurvey.co.uk/xml/codelists/localtype.xml#village,,,,North Yorkshire,http://data.ordnancesurvey.co.uk/id/7000000000183627,http://data.ordnancesurvey.co.uk/ontology/admingeo/UnitaryAuthority,Yorkshire and the Humber,http://data.ordnancesurvey.co.uk/id/7000000000041430,England,http://data.ordnancesurvey.co.uk/id/country/england,,,
BD235LS,http://data.ordnancesurvey.co.uk/id/postcodeunit/BD235LS,BD23 5LS,,,,other,Postcode,400104,463896,3500,18000,,,,,,,Grassington,http://data.ordnancesurvey.co.uk/id/4000000074564363,http://www.ordnancesurvey.co.uk/xml/codelists/localtype.xml#village,,,,North Yorkshire,http://data.ordnancesurvey.co.uk/id/7000000000183627,http://data.ordnancesurvey.co.uk/ontology/admingeo/UnitaryAuthority,Yorkshire and the Humber,http://data.ordnancesurvey.co.uk/id/7000000000041430,England,http://data.ordnancesurvey.co.uk/id/country/england,,,
BD235AY,http://data.ordnancesurvey.co.uk/id/postcodeunit/BD235AY,BD23 5AY,,,,other,Postcode,400418,464155,3500,18000,,,,,,,Grassington,http://data.ordnancesurvey.co.uk/id/4000000074564363,http://www.ordnancesurvey.co.uk/xml/codelists/localtype.xml#village,,,,North Yorkshire,http://data.ordnancesurvey.co.uk/id/7000000000183627,http://data.ordnancesurvey.co.uk/ontology/admingeo/UnitaryAuthority,Yorkshire and the Humber,http://data.ordnancesurvey.co.uk/id/7000000000041430,England,http://data.ordnancesurvey.co.uk/id/country/england,,,
HG35HS,http://data.ordnancesurvey.co.uk/id/postcodeunit/HG35HS,HG3 5HS,,,,other,Postcode,415655,465008,3500,18000,,,,,,,Bewerley,http://data.ordnancesurvey.co.uk/id/4000000074546009,http://www.ordnancesurvey.co.uk/xml/codelists/localtype.xml#village,,,,North Yorkshire,http://data.ordnancesurvey.co.uk/id/7000000000183627,http://data.ordnancesurvey.co.uk/ontology/admingeo/UnitaryAuthority,Yorkshire and the Humber,http://data.ordnancesurvey.co.uk/id/7000000000041430,England,http://data.ordnancesurvey.co.uk/id/country/england,,,
HG34ED,http://data.ordnancesurvey.co.uk/id/postcodeunit/HG34ED,HG3 4ED,,,,other,Postcode,419690,462116,3500,18000,,,,,,,Dacre Banks,http://data.ordnancesurvey.co.uk/id/4000000074546000,http://www.ordnancesurvey.co.uk/xml/codelists/localtype.xml#village,,,,North Yorkshire,http://data.ordnancesurvey.co.uk/id/7000000000183627,http://data.ordnancesurvey.co.uk/ontology/admingeo/UnitaryAuthority,Yorkshire and the Humber,http://data.ordnancesurvey.co.uk/id/7000000000041430,England,http://data.ordnancesurvey.co.uk/id/country/england,,,
HG35DJ,http://data.ordnancesurvey.co.uk/id/postcodeunit/HG35DJ,HG3 5DJ,,,,other,Postcode,417287,464924,3500,18000,,,,,,,,,,,,,North Yorkshire,http://data.ordnancesurvey.co.uk/id/7000000000183627,http://data.ordnancesurvey.co.uk/ontology/admingeo/UnitaryAuthority,Yorkshire and the Humber,http://data.ordnancesurvey.co.uk/id/7000000000041430,England,http://data.ordnancesurvey.co.uk/id/country/england,,,
HG35AR,http://data.ordnancesurvey.co.uk/id/postcodeunit/HG35AR,HG3 5AR,,,,other,Postcode,415725,465584,3500,18000,,,,,,,Pateley Bridge,http://data.ordnancesurvey.co.uk/id/4000000074546010,http://www.ordnancesurvey.co.uk/xml/codelists/localtype.xml#town,,,,North Yorkshire,http://data.ordnancesurvey.co.uk/id/7000000000183627,http://data.ordnancesurvey.co.uk/ontology/admingeo/UnitaryAuthority,Yorkshire and the Humber,http://data.ordnancesurvey.co.uk/id/7000000000041430,England,http://data.ordnancesurvey.co.uk/id/country/england,,,
BD235JY,http://data.ordnancesurvey.co.uk/id/postcodeunit/BD235JY,BD23 5JY,,,,other,Postcode,402634,462930,3500,18000,,,,,,,Hebden,http://data.ordnancesurvey.co.uk/id/4000000074547511,http://www.ordnancesurvey.co.uk/xml/codelists/localtype.xml#village,,,,North Yorkshire,http://data.ordnancesurvey.co.uk/id/7000000000183627,http://data.ordnancesurvey.co.uk/ontology/admingeo/UnitaryAuthority,Yorkshire and the Humber,http://data.ordnancesurvey.co.uk/id/7000000000041430,England,http://data.ordnancesurvey.co.uk/id/country/england,,,
HG35AS,http://data.ordnancesurvey.co.uk/id/postcodeunit/HG35AS,HG3 5AS,,,,other,Postcode,415955,465795,3500,18000,,,,,,,Pateley Bridge,http://data.ordnancesurvey.co.uk/id/4000000074546010,http://www.ordnancesurvey.co.uk/xml/codelists/localtype.xml#town,,,,North Yorkshire,http://data.ordnancesurvey.co.uk/id/7000000000183627,http://data.ordnancesurvey.co.uk/ontology/admingeo/UnitaryAuthority,Yorkshire and the Humber,http://data.ordnancesurvey.co.uk/id/7000000000041430,England,http://data.ordnancesurvey.co.uk/id/country/england,,,
HG34EJ,http://data.ordnancesurvey.co.uk/id/postcodeunit/HG34EJ,HG3 4EJ,,,,other,Postcode,419632,461984,3500,18000,,,,,,,Dacre Banks,http://data.ordnancesurvey.co.uk/id/4000000074546000,http://www.ordnancesurvey.co.uk/xml/codelists/localtype.xml#village,,,,North Yorkshire,http://data.ordnancesurvey.co.uk/id/7000000000183627,http://data.ordnancesurvey.co.uk/ontology/admingeo/UnitaryAuthority,Yorkshire and the Humber,http://data.ordnancesurvey.co.uk/id/7000000000041430,England,http://data.ordnancesurvey.co.uk/id/country/england,,,
HG35DT,http://data.ordnancesurvey.co.uk/id/postcodeunit/HG35DT,HG3 5DT,,,,other,Postcode,417813,465005,3500,18000,,,,,,,Blazefield,http://data.ordnancesurvey.co.uk/id/4000000074546008,http://www.ordnancesurvey.co.uk/xml/codelists/localtype.xml#hamlet,,,,North Yorkshire,http://data.ordnancesurvey.co.uk/id/7000000000183627,http://data.ordnancesurvey.co.uk/ontology/admingeo/UnitaryAuthority,Yorkshire and the Humber,http://data.ordnancesurvey.co.uk/id/7000000000041430,England,http://data.ordnancesurvey.co.uk/id/country/england,,,
BD235AE,http://data.ordnancesurvey.co.uk/id/postcodeunit/BD235AE,BD23 5AE,,,,other,Postcode,400249,464081,3500,18000,,,,,,,Grassington,http://data.ordnancesurvey.co.uk/id/4000000074564363,http://www.ordnancesurvey.co.uk/xml/codelists/localtype.xml#village,,,,North Yorkshire,http://data.ordnancesurvey.co.uk/id/7000000000183627,http://data.ordnancesurvey.co.uk/ontology/admingeo/UnitaryAuthority,Yorkshire and the Humber,http://data.ordnancesurvey.co.uk/id/7000000000041430,England,http://data.ordnancesurvey.co.uk/id/country/england,,,
BD236DG,http://data.ordnancesurvey.co.uk/id/postcodeunit/BD236DG,BD23 6DG,,,,other,Postcode,406888,461258,3500,18000,,,,,,,Middle Skyreholme,http://data.ordnancesurvey.co.uk/id/4000000074547501,http://www.ordnancesurvey.co.uk/xml/codelists/localtype.xml#hamlet,,,,North Yorkshire,http://data.ordnancesurvey.co.uk/id/7000000000183627,http://data.ordnancesurvey.co.uk/ontology/admingeo/UnitaryAuthority,Yorkshire and the Humber,http://data.ordnancesurvey.co.uk/id/7000000000041430,England,http://data.ordnancesurvey.co.uk/id/country/england,,,
HG35RS,http://data.ordnancesurvey.co.uk/id/postcodeunit/HG35RS,HG3 5RS,,,,other,Postcode,412980,470268,3500,18000,,,,,,,,,,,,,North Yorkshire,http://data.ordnancesurvey.co.uk/id/7000000000183627,http://data.ordnancesurvey.co.uk/ontology/admingeo/UnitaryAuthority,Yorkshire and the Humber,http://data.ordnancesurvey.co.uk/id/7000000000041430,England,http://data.ordnancesurvey.co.uk/id/country/england,,,
HG35DA,http://data.ordnancesurvey.co.uk/id/postcodeunit/HG35DA,HG3 5DA,,,,other,Postcode,415650,465788,3500,18000,,,,,,,Pateley Bridge,http://data.ordnancesurvey.co.uk/id/4000000074546010,http://www.ordnancesurvey.co.uk/xml/codelists/localtype.xml#town,,,,North Yorkshire,http://data.ordnancesurvey.co.uk/id/7000000000183627,http://data.ordnancesurvey.co.uk/ontology/admingeo/UnitaryAuthority,Yorkshire and the Humber,http://data.ordnancesurvey.co.uk/id/7000000000041430,England,http://data.ordnancesurvey.co.uk/id/country/england,,,
HG34AF,http://data.ordnancesurvey.co.uk/id/postcodeunit/HG34AF,HG3 4AF,,,,other,Postcode,418649,460791,3500,18000,,,,,,,,,,,,,North Yorkshire,http://data.ordnancesurvey.co.uk/id/7000000000183627,http://data.ordnancesurvey.co.uk/ontology/admingeo/UnitaryAuthority,Yorkshire and the Humber,http://data.ordnancesurvey.co.uk/id/7000000000041430,England,http://data.ordnancesurvey.co.uk/id/country/england,,,
BD235LA,http://data.ordnancesurvey.co.uk/id/postcodeunit/BD235LA,BD23 5LA,,,,other,Postcode,400262,463914,3500,18000,,,,,,,Grassington,http://data.ordnancesurvey.co.uk/id/4000000074564363,http://www.ordnancesurvey.co.uk/xml/codelists/localtype.xml#village,,,,North Yorkshire,http://data.ordnancesurvey.co.uk/id/7000000000183627,http://data.ordnancesurvey.co.uk/ontology/admingeo/UnitaryAuthority,Yorkshire and the Humber,http://data.ordnancesurvey.co.uk/id/7000000000041430,England,http://data.ordnancesurvey.co.uk/id/country/england,,,
BD235ED,http://data.ordnancesurvey.co.uk/id/postcodeunit/BD235ED,BD23 5ED,,,,other,Postcode,406433,464209,3500,18000,,,,,,,,,,,,,North Yorkshire,http://data.ordnancesurvey.co.uk/id/7000000000183627,http://data.ordnancesurvey.co.uk/ontology/admingeo/UnitaryAuthority,Yorkshire and the Humber,http://data.ordnancesurvey.co.uk/id/7000000000041430,England,http://data.ordnancesurvey.co.uk/id/country/england,,,
BD235LP,http://data.ordnancesurvey.co.uk/id/postcodeunit/BD235LP,BD23 5LP,,,,other,Postcode,400425,463719,3500,18000,,,,,,,Grassington,http://data.ordnancesurvey.co.uk/id/4000000074564363,http://www.ordnancesurvey.co.uk/xml/codelists/localtype.xml#village,,,,North Yorkshire,http://data.ordnancesurvey.co.uk/id/7000000000183627,http://data.ordnancesurvey.co.uk/ontology/admingeo/UnitaryAuthority,Yorkshire and the Humber,http://data.ordnancesurvey.co.uk/id/7000000000041430,England,http://data.ordnancesurvey.co.uk/id/country/england,,,
HG34DU,http://data.ordnancesurvey.co.uk/id/postcodeunit/HG34DU,HG3 4DU,,,,other,Postcode,419679,462876,3500,18000,,,,,,,Summerbridge,http://data.ordnancesurvey.co.uk/id/4000000074545779,http://www.ordnancesurvey.co.uk/xml/codelists/localtype.xml#village,,,,North Yorkshire,http://data.ordnancesurvey.co.uk/id/7000000000183627,http://data.ordnancesurvey.co.uk/ontology/admingeo/UnitaryAuthority,Yorkshire and the Humber,http://data.ordnancesurvey.co.uk/id/7000000000041430,England,http://data.ordnancesurvey.co.uk/id/country/england,,,
BD235DB,http://data.ordnancesurvey.co.uk/id/postcodeunit/BD235DB,BD23 5DB,,,,other,Postcode,401668,463797,3500,18000,,,,,,,,,,,,,North Yorkshire,http://data.ordnancesurvey.co.uk/id/7000000000183627,http://data.ordnancesurvey.co.uk/ontology/admingeo/UnitaryAuthority,Yorkshire and the Humber,http://data.ordnancesurvey.co.uk/id/7000000000041430,England,http://data.ordnancesurvey.co.uk/id/country/england,,,
HG35HL,http://data.ordnancesurvey.co.uk/id/postcodeunit/HG35HL,HG3 5HL,,,,other,Postcode,415078,466069,3500,18000,,,,,,,Pateley Bridge,http://data.ordnancesurvey.co.uk/id/4000000074546010,http://www.ordnancesurvey.co.uk/xml/codelists/localtype.xml#town,,,,North Yorkshire,http://data.ordnancesurvey.co.uk/id/7000000000183627,http://data.ordnancesurvey.co.uk/ontology/admingeo/UnitaryAuthority,Yorkshire and the Humber,http://data.ordnancesurvey.co.uk/id/7000000000041430,England,http://data.ordnancesurvey.co.uk/id/country/england,,,
HG35JU,http://data.ordnancesurvey.co.uk/id/postcodeunit/HG35JU,HG3 5JU,,,,other,Postcode,415886,465626,3500,18000,,,,,,,Pateley Bridge,http://data.ordnancesurvey.co.uk/id/4000000074546010,http://www.ordnancesurvey.co.uk/xml/codelists/localtype.xml#town,,,,North Yorkshire,http://data.ordnancesurvey.co.uk/id/7000000000183627,http://data.ordnancesurvey.co.uk/ontology/admingeo/UnitaryAuthority,Yorkshire and the Humber,http://data.ordnancesurvey.co.uk/id/7000000000041430,England,http://data.ordnancesurvey.co.uk/id/country/england,,,
HG43QZ,http://data.ordnancesurvey.co.uk/id/postcodeunit/HG43QZ,HG4 3QZ,,,,other,Postcode,418601,471915,3500,18000,,,,,,,,,,,,,North Yorkshire,http://data.ordnancesurvey.co.uk/id/7000000000183627,http://data.ordnancesurvey.co.uk/ontology/admingeo/UnitaryAuthority,Yorkshire and the Humber,http://data.ordnancesurvey.co.uk/id/7000000000041430,England,http://data.ordnancesurvey.co.uk/id/country/england,,,
HG35RA,http://data.ordnancesurvey.co.uk/id/postcodeunit/HG35RA,HG3 5RA,,,,other,Postcode,417454,464502,3500,18000,,,,,,,Glasshouses,http://data.ordnancesurvey.co.uk/id/4000000074546007,http://www.ordnancesurvey.co.uk/xml/codelists/localtype.xml#village,,,,North Yorkshire,http://data.ordnancesurvey.co.uk/id/7000000000183627,http://data.ordnancesurvey.co.uk/ontology/admingeo/UnitaryAuthority,Yorkshire and the Humber,http://data.ordnancesurvey.co.uk/id/7000000000041430,England,http://data.ordnancesurvey.co.uk/id/country/england,,,
BD235NQ,http://data.ordnancesurvey.co.uk/id/postcodeunit/BD235NQ,BD23 5NQ,,,,other,Postcode,400086,463936,3500,18000,,,,,,,Grassington,http://data.ordnancesurvey.co.uk/id/4000000074564363,http://www.ordnancesurvey.co.uk/xml/codelists/localtype.xml#village,,,,North Yorkshire,http://data.ordnancesurvey.co.uk/id/7000000000183627,http://data.ordnancesurvey.co.uk/ontology/admingeo/UnitaryAuthority,Yorkshire and the Humber,http://data.ordnancesurvey.co.uk/id/7000000000041430,England,http://data.ordnancesurvey.co.uk/id/country/england,,,
HG34HG,http://data.ordnancesurvey.co.uk/id/postcodeunit/HG34HG,HG3 4HG,,,,other,Postcode,417223,462728,3500,18000,,,,,,,,,,,,,North Yorkshire,http://data.ordnancesurvey.co.uk/id/7000000000183627,http://data.ordnancesurvey.co.uk/ontology/admingeo/UnitaryAuthority,Yorkshire and the Humber,http://data.ordnancesurvey.co.uk/id/7000000000041430,England,http://data.ordnancesurvey.co.uk/id/country/england,,,
HG35NQ,http://data.ordnancesurvey.co.uk/id/postcodeunit/HG35NQ,HG3 5NQ,,,,other,Postcode,417037,465183,3500,18000,,,,,,,,,,,,,North Yorkshire,http://data.ordnancesurvey.co.uk/id/7000000000183627,http://data.ordnancesurvey.co.uk/ontology/admingeo/UnitaryAuthority,Yorkshire and the Humber,http://data.ordnancesurvey.co.uk/id/7000000000041430,England,http://data.ordnancesurvey.co.uk/id/country/england,,,
BD236DE,http://data.ordnancesurvey.co.uk/id/postcodeunit/BD236DE,BD23 6DE,,,,other,Postcode,406846,460706,3500,18000,,,,,,,Middle Skyreholme,http://data.ordnancesurvey.co.uk/id/4000000074547501,http://www.ordnancesurvey.co.uk/xml/codelists/localtype.xml#hamlet,,,,North Yorkshire,http://data.ordnancesurvey.co.uk/id/7000000000183627,http://data.ordnancesurvey.co.uk/ontology/admingeo/UnitaryAuthority,Yorkshire and the Humber,http://data.ordnancesurvey.co.uk/id/7000000000041430,England,http://data.ordnancesurvey.co.uk/id/country/england,,,
HG34DJ,http://data.ordnancesurvey.co.uk/id/postcodeunit/HG34DJ,HG3 4DJ,,,,other,Postcode,419187,464297,3500,18000,,,,,,,Smelthouses,http://data.ordnancesurvey.co.uk/id/4000000074545781,http://www.ordnancesurvey.co.uk/xml/codelists/localtype.xml#hamlet,,,,North Yorkshire,http://data.ordnancesurvey.co.uk/id/7000000000183627,http://data.ordnancesurvey.co.uk/ontology/admingeo/UnitaryAuthority,Yorkshire and the Humber,http://data.ordnancesurvey.co.uk/id/7000000000041430,England,http://data.ordnancesurvey.co.uk/id/country/england,,,
HG35EN,http://data.ordnancesurvey.co.uk/id/postcodeunit/HG35EN,HG3 5EN,,,,other,Postcode,419529,465550,3500,18000,,,,,,,,,,,,,North Yorkshire,http://data.ordnancesurvey.co.uk/id/7000000000183627,http://data.ordnancesurvey.co.uk/ontology/admingeo/UnitaryAuthority,Yorkshire and the Humber,http://data.ordnancesurvey.co.uk/id/7000000000041430,England,http://data.ordnancesurvey.co.uk/id/country/england,,,
HG35RG,http://data.ordnancesurvey.co.uk/id/postcodeunit/HG35RG,HG3 5RG,,,,other,Postcode,410973,472782,3500,18000,,,,,,,,,,,,,North Yorkshire,http://data.ordnancesurvey.co.uk/id/7000000000183627,http://data.ordnancesurvey.co.uk/ontology/admingeo/UnitaryAuthority,Yorkshire and the Humber,http://data.ordnancesurvey.co.uk/id/7000000000041430,England,http://data.ordnancesurvey.co.uk/id/country/england,,,
HG34DL,http://data.ordnancesurvey.co.uk/id/postcodeunit/HG34DL,HG3 4DL,,,,other,Postcode,419583,464335,3500,18000,,,,,,,,,,,,,North Yorkshire,http://data.ordnancesurvey.co.uk/id/7000000000183627,http://data.ordnancesurvey.co.uk/ontology/admingeo/UnitaryAuthority,Yorkshire and the Humber,http://data.ordnancesurvey.co.uk/id/7000000000041430,England,http://data.ordnancesurvey.co.uk/id/country/england,,,
HG35HP,http://data.ordnancesurvey.co.uk/id/postcodeunit/HG35HP,HG3 5HP,,,,other,Postcode,415386,465154,3500,18000,,,,,,,Pateley Bridge,http://data.ordnancesurvey.co.uk/id/4000000074546010,http://www.ordnancesurvey.co.uk/xml/codelists/localtype.xml#town,,,,North Yorkshire,http://data.ordnancesurvey.co.uk/id/7000000000183627,http://data.ordnancesurvey.co.uk/ontology/admingeo/UnitaryAuthority,Yorkshire and the Humber,http://data.ordnancesurvey.co.uk/id/7000000000041430,England,http://data.ordnancesurvey.co.uk/id/country/england,,,
HG34AT,http://data.ordnancesurvey.co.uk/id/postcodeunit/HG34AT,HG3 4AT,,,,other,Postcode,419604,462911,3500,18000,,,,,,,Summerbridge,http://data.ordnancesurvey.co.uk/id/4000000074545779,http://www.ordnancesurvey.co.uk/xml/codelists/localtype.xml#village,,,,North Yorkshire,http://data.ordnancesurvey.co.uk/id/7000000000183627,http://data.ordnancesurvey.co.uk/ontology/admingeo/UnitaryAuthority,Yorkshire and the Humber,http://data.ordnancesurvey.co.uk/id/7000000000041430,England,http://data.ordnancesurvey.co.uk/id/country/england,,,
HG35NW,http://data.ordnancesurvey.co.uk/id/postcodeunit/HG35NW,HG3 5NW,,,,other,Postcode,416016,465475,3500,18000,,,,,,,Pateley Bridge,http://data.ordnancesurvey.co.uk/id/4000000074546010,http://www.ordnancesurvey.co.uk/xml/codelists/localtype.xml#town,,,,North Yorkshire,http://data.ordnancesurvey.co.uk/id/7000000000183627,http://data.ordnancesurvey.co.uk/ontology/admingeo/UnitaryAuthority,Yorkshire and the Humber,http://data.ordnancesurvey.co.uk/id/7000000000041430,England,http://data.ordnancesurvey.co.uk/id/country/england,,,
BD235LU,http://data.ordnancesurvey.co.uk/id/postcodeunit/BD235LU,BD23 5LU,,,,other,Postcode,400167,464009,3500,18000,,,,,,,Grassington,http://data.ordnancesurvey.co.uk/id/4000000074564363,http://www.ordnancesurvey.co.uk/xml/codelists/localtype.xml#village,,,,North Yorkshire,http://data.ordnancesurvey.co.uk/id/7000000000183627,http://data.ordnancesurvey.co.uk/ontology/admingeo/UnitaryAuthority,Yorkshire and the Humber,http://data.ordnancesurvey.co.uk/id/7000000000041430,England,http://data.ordnancesurvey.co.uk/id/country/england,,,
HG34HQ,http://data.ordnancesurvey.co.uk/id/postcodeunit/HG34HQ,HG3 4HQ,,,,other,Postcode,418630,463114,3500,18000,,,,,,,,,,,,,North Yorkshire,http://data.ordnancesurvey.co.uk/id/7000000000183627,http://data.ordnancesurvey.co.uk/ontology/admingeo/UnitaryAuthority,Yorkshire and the Humber,http://data.ordnancesurvey.co.uk/id/7000000000041430,England,http://data.ordnancesurvey.co.uk/id/country/england,,,
HG35RH,http://data.ordnancesurvey.co.uk/id/postcodeunit/HG35RH,HG3 5RH,,,,other,Postcode,411605,472082,3500,18000,,,,,,,,,,,,,North Yorkshire,http://data.ordnancesurvey.co.uk/id/7000000000183627,http://data.ordnancesurvey.co.uk/ontology/admingeo/UnitaryAuthority,Yorkshire and the Humber,http://data.ordnancesurvey.co.uk/id/7000000000041430,England,http://data.ordnancesurvey.co.uk/id/country/england,,,
HG35AN,http://data.ordnancesurvey.co.uk/id/postcodeunit/HG35AN,HG3 5AN,,,,other,Postcode,415854,465554,3500,18000,,,,,,,Pateley Bridge,http://data.ordnancesurvey.co.uk/id/4000000074546010,http://www.ordnancesurvey.co.uk/xml/codelists/localtype.xml#town,,,,North Yorkshire,http://data.ordnancesurvey.co.uk/id/7000000000183627,http://data.ordnancesurvey.co.uk/ontology/admingeo/UnitaryAuthority,Yorkshire and the Humber,http://data.ordnancesurvey.co.uk/id/7000000000041430,England,http://data.ordnancesurvey.co.uk/id/country/england,,,
HG44JU,http://data.ordnancesurvey.co.uk/id/postcodeunit/HG44JU,HG4 4JU,,,,other,Postcode,419149,478112,3500,18000,,,,,,,Ilton,http://data.ordnancesurvey.co.uk/id/4000000074547763,http://www.ordnancesurvey.co.uk/xml/codelists/localtype.xml#hamlet,,,,North Yorkshire,http://data.ordnancesurvey.co.uk/id/7000000000183627,http://data.ordnancesurvey.co.uk/ontology/admingeo/UnitaryAuthority,Yorkshire and the Humber,http://data.ordnancesurvey.co.uk/id/7000000000041430,England,http://data.ordnancesurvey.co.uk/id/country/england,,,
BD235LB,http://data.ordnancesurvey.co.uk/id/postcodeunit/BD235LB,BD23 5LB,,,,other,Postcode,400243,463852,3500,18000,,,,,,,Grassington,http://data.ordnancesurvey.co.uk/id/4000000074564363,http://www.ordnancesurvey.co.uk/xml/codelists/localtype.xml#village,,,,North Yorkshire,http://data.ordnancesurvey.co.uk/id/7000000000183627,http://data.ordnancesurvey.co.uk/ontology/admingeo/UnitaryAuthority,Yorkshire and the Humber,http://data.ordnancesurvey.co.uk/id/7000000000041430,England,http://data.ordnancesurvey.co.uk/id/country/england,,,
HG35ND,http://data.ordnancesurvey.co.uk/id/postcodeunit/HG35ND,HG3 5ND,,,,other,Postcode,416639,465926,3500,18000,,,,,,,,,,,,,North Yorkshire,http://data.ordnancesurvey.co.uk/id/7000000000183627,http://data.ordnancesurvey.co.uk/ontology/admingeo/UnitaryAuthority,Yorkshire and the Humber,http://data.ordnancesurvey.co.uk/id/7000000000041430,England,http://data.ordnancesurvey.co.uk/id/country/england,,,
HG35JZ,http://data.ordnancesurvey.co.uk/id/postcodeunit/HG35JZ,HG3 5JZ,,,,other,Postcode,415879,465647,3500,18000,,,,,,,Pateley Bridge,http://data.ordnancesurvey.co.uk/id/4000000074546010,http://www.ordnancesurvey.co.uk/xml/codelists/localtype.xml#town,,,,North Yorkshire,http://data.ordnancesurvey.co.uk/id/7000000000183627,http://data.ordnancesurvey.co.uk/ontology/admingeo/UnitaryAuthority,Yorkshire and the Humber,http://data.ordnancesurvey.co.uk/id/7000000000041430,England,http://data.ordnancesurvey.co.uk/id/country/england,,,
HG35NF,http://data.ordnancesurvey.co.uk/id/postcodeunit/HG35NF,HG3 5NF,,,,other,Postcode,416352,466941,3500,18000,,,,,,,,,,,,,North Yorkshire,http://data.ordnancesurvey.co.uk/id/7000000000183627,http://data.ordnancesurvey.co.uk/ontology/admingeo/UnitaryAuthority,Yorkshire and the Humber,http://data.ordnancesurvey.co.uk/id/7000000000041430,England,http://data.ordnancesurvey.co.uk/id/country/england,,,
HG35HQ,http://data.ordnancesurvey.co.uk/id/postcodeunit/HG35HQ,HG3 5HQ,,,,other,Postcode,415536,465409,3500,18000,,,,,,,Pateley Bridge,http://data.ordnancesurvey.co.uk/id/4000000074546010,http://www.ordnancesurvey.co.uk/xml/codelists/localtype.xml#town,,,,North Yorkshire,http://data.ordnancesurvey.co.uk/id/7000000000183627,http://data.ordnancesurvey.co.uk/ontology/admingeo/UnitaryAuthority,Yorkshire and the Humber,http://data.ordnancesurvey.co.uk/id/7000000000041430,England,http://data.ordnancesurvey.co.uk/id/country/england,,,
BD235DY,http://data.ordnancesurvey.co.uk/id/postcodeunit/BD235DY,BD23 5DY,,,,other,Postcode,402709,462416,3500,18000,,,,,,,Hebden,http://data.ordnancesurvey.co.uk/id/4000000074547511,http://www.ordnancesurvey.co.uk/xml/codelists/localtype.xml#village,,,,North Yorkshire,http://data.ordnancesurvey.co.uk/id/7000000000183627,http://data.ordnancesurvey.co.uk/ontology/admingeo/UnitaryAuthority,Yorkshire and the Humber,http://data.ordnancesurvey.co.uk/id/7000000000041430,England,http://data.ordnancesurvey.co.uk/id/country/england,,,
BD236DL,http://data.ordnancesurvey.co.uk/id/postcodeunit/BD236DL,BD23 6DL,,,,other,Postcode,406566,460326,3500,18000,,,,,,,Skyreholme,http://data.ordnancesurvey.co.uk/id/4000000074547500,http://www.ordnancesurvey.co.uk/xml/codelists/localtype.xml#hamlet,,,,North Yorkshire,http://data.ordnancesurvey.co.uk/id/7000000000183627,http://data.ordnancesurvey.co.uk/ontology/admingeo/UnitaryAuthority,Yorkshire and the Humber,http://data.ordnancesurvey.co.uk/id/7000000000041430,England,http://data.ordnancesurvey.co.uk/id/country/england,,,
HG35QX,http://data.ordnancesurvey.co.uk/id/postcodeunit/HG35QX,HG3 5QX,,,,other,Postcode,417316,464637,3500,18000,,,,,,,Glasshouses,http://data.ordnancesurvey.co.uk/id/4000000074546007,http://www.ordnancesurvey.co.uk/xml/codelists/localtype.xml#village,,,,North Yorkshire,http://data.ordnancesurvey.co.uk/id/7000000000183627,http://data.ordnancesurvey.co.uk/ontology/admingeo/UnitaryAuthority,Yorkshire and the Humber,http://data.ordnancesurvey.co.uk/id/7000000000041430,England,http://data.ordnancesurvey.co.uk/id/country/england,,,
BD235DU,http://data.ordnancesurvey.co.uk/id/postcodeunit/BD235DU,BD23 5DU,,,,other,Postcode,402618,463061,3500,18000,,,,,,,Hebden,http://data.ordnancesurvey.co.uk/id/4000000074547511,http://www.ordnancesurvey.co.uk/xml/codelists/localtype.xml#village,,,,North Yorkshire,http://data.ordnancesurvey.co.uk/id/7000000000183627,http://data.ordnancesurvey.co.uk/ontology/admingeo/UnitaryAuthority,Yorkshire and the Humber,http://data.ordnancesurvey.co.uk/id/7000000000041430,England,http://data.ordnancesurvey.co.uk/id/country/england,,,
HG35SE,http://data.ordnancesurvey.co.uk/id/postcodeunit/HG35SE,HG3 5SE,,,,other,Postcode,410856,473673,3500,18000,,,,,,,,,,,,,North Yorkshire,http://data.ordnancesurvey.co.uk/id/7000000000183627,http://data.ordnancesurvey.co.uk/ontology/admingeo/UnitaryAuthority,Yorkshire and the Humber,http://data.ordnancesurvey.co.uk/id/7000000000041430,England,http://data.ordnancesurvey.co.uk/id/country/england,,,
HG34DA,http://data.ordnancesurvey.co.uk/id/postcodeunit/HG34DA,HG3 4DA,,,,other,Postcode,419155,463703,3500,18000,,,,,,,Low Laithe,http://data.ordnancesurvey.co.uk/id/4000000074545780,http://www.ordnancesurvey.co.uk/xml/codelists/localtype.xml#village,,,,North Yorkshire,http://data.ordnancesurvey.co.uk/id/7000000000183627,http://data.ordnancesurvey.co.uk/ontology/admingeo/UnitaryAuthority,Yorkshire and the Humber,http://data.ordnancesurvey.co.uk/id/7000000000041430,England,http://data.ordnancesurvey.co.uk/id/country/england,,,
HG35PY,http://data.ordnancesurvey.co.uk/id/postcodeunit/HG35PY,HG3 5PY,,,,other,Postcode,414322,466409,3500,18000,,,,,,,,,,,,,North Yorkshire,http://data.ordnancesurvey.co.uk/id/7000000000183627,http://data.ordnancesurvey.co.uk/ontology/admingeo/UnitaryAuthority,Yorkshire and the Humber,http://data.ordnancesurvey.co.uk/id/7000000000041430,England,http://data.ordnancesurvey.co.uk/id/country/england,,,
BD235AS,http://data.ordnancesurvey.co.uk/id/postcodeunit/BD235AS,BD23 5AS,,,,other,Postcode,400398,463914,3500,18000,,,,,,,Grassington,http://data.ordnancesurvey.co.uk/id/4000000074564363,http://www.ordnancesurvey.co.uk/xml/codelists/localtype.xml#village,,,,North Yorkshire,http://data.ordnancesurvey.co.uk/id/7000000000183627,http://data.ordnancesurvey.co.uk/ontology/admingeo/UnitaryAuthority,Yorkshire and the Humber,http://data.ordnancesurvey.co.uk/id/7000000000041430,England,http://data.ordnancesurvey.co.uk/id/country/england,,,
HG35JW,http://data.ordnancesurvey.co.uk/id/postcodeunit/HG35JW,HG3 5JW,,,,other,Postcode,415779,465624,3500,18000,,,,,,,Pateley Bridge,http://data.ordnancesurvey.co.uk/id/4000000074546010,http://www.ordnancesurvey.co.uk/xml/codelists/localtype.xml#town,,,,North Yorkshire,http://data.ordnancesurvey.co.uk/id/7000000000183627,http://data.ordnancesurvey.co.uk/ontology/admingeo/UnitaryAuthority,Yorkshire and the Humber,http://data.ordnancesurvey.co.uk/id/7000000000041430,England,http://data.ordnancesurvey.co.uk/id/country/england,,,
HG34DB,http://data.ordnancesurvey.co.uk/id/postcodeunit/HG34DB,HG3 4DB,,,,other,Postcode,419137,463721,3500,18000,,,,,,,Low Laithe,http://data.ordnancesurvey.co.uk/id/4000000074545780,http://www.ordnancesurvey.co.uk/xml/codelists/localtype.xml#village,,,,North Yorkshire,http://data.ordnancesurvey.co.uk/id/7000000000183627,http://data.ordnancesurvey.co.uk/ontology/admingeo/UnitaryAuthority,Yorkshire and the Humber,http://data.ordnancesurvey.co.uk/id/7000000000041430,England,http://data.ordnancesurvey.co.uk/id/country/england,,,
HG34BU,http://data.ordnancesurvey.co.uk/id/postcodeunit/HG34BU,HG3 4BU,,,,other,Postcode,419207,463599,3500,18000,,,,,,,Low Laithe,http://data.ordnancesurvey.co.uk/id/4000000074545780,http://www.ordnancesurvey.co.uk/xml/codelists/localtype.xml#village,,,,North Yorkshire,http://data.ordnancesurvey.co.uk/id/7000000000183627,http://data.ordnancesurvey.co.uk/ontology/admingeo/UnitaryAuthority,Yorkshire and the Humber,http://data.ordnancesurvey.co.uk/id/7000000000041430,England,http://data.ordnancesurvey.co.uk/id/country/england,,,
HG35NP,http://data.ordnancesurvey.co.uk/id/postcodeunit/HG35NP,HG3 5NP,,,,other,Postcode,416008,465576,3500,18000,,,,,,,Pateley Bridge,http://data.ordnancesurvey.co.uk/id/4000000074546010,http://www.ordnancesurvey.co.uk/xml/codelists/localtype.xml#town,,,,North Yorkshire,http://data.ordnancesurvey.co.uk/id/7000000000183627,http://data.ordnancesurvey.co.uk/ontology/admingeo/UnitaryAuthority,Yorkshire and the Humber,http://data.ordnancesurvey.co.uk/id/7000000000041430,England,http://data.ordnancesurvey.co.uk/id/country/england,,,
HG35JN,http://data.ordnancesurvey.co.uk/id/postcodeunit/HG35JN,HG3 5JN,,,,other,Postcode,415275,465702,3500,18000,,,,,,,Pateley Bridge,http://data.ordnancesurvey.co.uk/id/4000000074546010,http://www.ordnancesurvey.co.uk/xml/codelists/localtype.xml#town,,,,North Yorkshire,http://data.ordnancesurvey.co.uk/id/7000000000183627,http://data.ordnancesurvey.co.uk/ontology/admingeo/UnitaryAuthority,Yorkshire and the Humber,http://data.ordnancesurvey.co.uk/id/7000000000041430,England,http://data.ordnancesurvey.co.uk/id/country/england,,,
HG35RT,http://data.ordnancesurvey.co.uk/id/postcodeunit/HG35RT,HG3 5RT,,,,other,Postcode,411069,470525,3500,18000,,,,,,,,,,,,,North Yorkshire,http://data.ordnancesurvey.co.uk/id/7000000000183627,http://data.ordnancesurvey.co.uk/ontology/admingeo/UnitaryAuthority,Yorkshire and the Humber,http://data.ordnancesurvey.co.uk/id/7000000000041430,England,http://data.ordnancesurvey.co.uk/id/country/england,,,
BD235DA,http://data.ordnancesurvey.co.uk/id/postcodeunit/BD235DA,BD23 5DA,,,,other,Postcode,401466,463247,3500,18000,,,,,,,,,,,,,North Yorkshire,http://data.ordnancesurvey.co.uk/id/7000000000183627,http://data.ordnancesurvey.co.uk/ontology/admingeo/UnitaryAuthority,Yorkshire and the Humber,http://data.ordnancesurvey.co.uk/id/7000000000041430,England,http://data.ordnancesurvey.co.uk/id/country/england,,,
HG44LU,http://data.ordnancesurvey.co.uk/id/postcodeunit/HG44LU,HG4 4LU,,,,other,Postcode,414376,477525,3500,18000,,,,,,,,,,,,,North Yorkshire,http://data.ordnancesurvey.co.uk/id/7000000000183627,http://data.ordnancesurvey.co.uk/ontology/admingeo/UnitaryAuthority,Yorkshire and the Humber,http://data.ordnancesurvey.co.uk/id/7000000000041430,England,http://data.ordnancesurvey.co.uk/id/country/england,,,
HG35NL,http://data.ordnancesurvey.co.uk/id/postcodeunit/HG35NL,HG3 5NL,,,,other,Postcode,415989,465559,3500,18000,,,,,,,Pateley Bridge,http://data.ordnancesurvey.co.uk/id/4000000074546010,http://www.ordnancesurvey.co.uk/xml/codelists/localtype.xml#town,,,,North Yorkshire,http://data.ordnancesurvey.co.uk/id/7000000000183627,http://data.ordnancesurvey.co.uk/ontology/admingeo/UnitaryAuthority,Yorkshire and the Humber,http://data.ordnancesurvey.co.uk/id/7000000000041430,England,http://data.ordnancesurvey.co.uk/id/country/england,,,
HG35EE,http://data.ordnancesurvey.co.uk/id/postcodeunit/HG35EE,HG3 5EE,,,,other,Postcode,418676,464786,3500,18000,,,,,,,,,,,,,North Yorkshire,http://data.ordnancesurvey.co.uk/id/7000000000183627,http://data.ordnancesurvey.co.uk/ontology/admingeo/UnitaryAuthority,Yorkshire and the Humber,http://data.ordnancesurvey.co.uk/id/7000000000041430,England,http://data.ordnancesurvey.co.uk/id/country/england,,,
BD235LD,http://data.ordnancesurvey.co.uk/id/postcodeunit/BD235LD,BD23 5LD,,,,other,Postcode,400341,463893,3500,18000,,,,,,,Grassington,http://data.ordnancesurvey.co.uk/id/4000000074564363,http://www.ordnancesurvey.co.uk/xml/codelists/localtype.xml#village,,,,North Yorkshire,http://data.ordnancesurvey.co.uk/id/7000000000183627,http://data.ordnancesurvey.co.uk/ontology/admingeo/UnitaryAuthority,Yorkshire and the Humber,http://data.ordnancesurvey.co.uk/id/7000000000041430,England,http://data.ordnancesurvey.co.uk/id/country/england,,,
HG35NT,http://data.ordnancesurvey.co.uk/id/postcodeunit/HG35NT,HG3 5NT,,,,other,Postcode,416068,465619,3500,18000,,,,,,,Pateley Bridge,http://data.ordnancesurvey.co.uk/id/4000000074546010,http://www.ordnancesurvey.co.uk/xml/codelists/localtype.xml#town,,,,North Yorkshire,http://data.ordnancesurvey.co.uk/id/7000000000183627,http://data.ordnancesurvey.co.uk/ontology/admingeo/UnitaryAuthority,Yorkshire and the Humber,http://data.ordnancesurvey.co.uk/id/7000000000041430,England,http://data.ordnancesurvey.co.uk/id/country/england,,,
HG35QT,http://data.ordnancesurvey.co.uk/id/postcodeunit/HG35QT,HG3 5QT,,,,other,Postcode,417291,464596,3500,18000,,,,,,,Glasshouses,http://data.ordnancesurvey.co.uk/id/4000000074546007,http://www.ordnancesurvey.co.uk/xml/codelists/localtype.xml#village,,,,North Yorkshire,http://data.ordnancesurvey.co.uk/id/7000000000183627,http://data.ordnancesurvey.co.uk/ontology/admingeo/UnitaryAuthority,Yorkshire and the Humber,http://data.ordnancesurvey.co.uk/id/7000000000041430,England,http://data.ordnancesurvey.co.uk/id/country/england,,,
HG43QH,http://data.ordnancesurvey.co.uk/id/postcodeunit/HG43QH,HG4 3QH,,,,other,Postcode,419735,474482,3500,18000,,,,,,,,,,,,,North Yorkshire,http://data.ordnancesurvey.co.uk/id/7000000000183627,http://data.ordnancesurvey.co.uk/ontology/admingeo/UnitaryAuthority,Yorkshire and the Humber,http://data.ordnancesurvey.co.uk/id/7000000000041430,England,http://data.ordnancesurvey.co.uk/id/country/england,,,
HG35RE,http://data.ordnancesurvey.co.uk/id/postcodeunit/HG35RE,HG3 5RE,,,,other,Postcode,416055,465518,3500,18000,,,,,,,Pateley Bridge,http://data.ordnancesurvey.co.uk/id/4000000074546010,http://www.ordnancesurvey.co.uk/xml/codelists/localtype.xml#town,,,,North Yorkshire,http://data.ordnancesurvey.co.uk/id/7000000000183627,http://data.ordnancesurvey.co.uk/ontology/admingeo/UnitaryAuthority,Yorkshire and the Humber,http://data.ordnancesurvey.co.uk/id/7000000000041430,England,http://data.ordnancesurvey.co.uk/id/country/england,,,
HG35BN,http://data.ordnancesurvey.co.uk/id/postcodeunit/HG35BN,HG3 5BN,,,,other,Postcode,413032,465293,3500,18000,,,,,,,,,,,,,North Yorkshire,http://data.ordnancesurvey.co.uk/id/7000000000183627,http://data.ordnancesurvey.co.uk/ontology/admingeo/UnitaryAuthority,Yorkshire and the Humber,http://data.ordnancesurvey.co.uk/id/7000000000041430,England,http://data.ordnancesurvey.co.uk/id/country/england,,,
HG35PG,http://data.ordnancesurvey.co.uk/id/postcodeunit/HG35PG,HG3 5PG,,,,other,Postcode,415713,466214,3500,18000,,,,,,,Pateley Bridge,http://data.ordnancesurvey.co.uk/id/4000000074546010,http://www.ordnancesurvey.co.uk/xml/codelists/localtype.xml#town,,,,North Yorkshire,http://data.ordnancesurvey.co.uk/id/7000000000183627,http://data.ordnancesurvey.co.uk/ontology/admingeo/UnitaryAuthority,Yorkshire and the Humber,http://data.ordnancesurvey.co.uk/id/7000000000041430,England,http://data.ordnancesurvey.co.uk/id/country/england,,,
HG32AW,http://data.ordnancesurvey.co.uk/id/postcodeunit/HG32AW,HG3 2AW,,,,other,Postcode,419351,460380,3500,18000,,,,,,,,,,,,,North Yorkshire,http://data.ordnancesurvey.co.uk/id/7000000000183627,http://data.ordnancesurvey.co.uk/ontology/admingeo/UnitaryAuthority,Yorkshire and the Humber,http://data.ordnancesurvey.co.uk/id/7000000000041430,England,http://data.ordnancesurvey.co.uk/id/country/england,,,
HG35BW,http://data.ordnancesurvey.co.uk/id/postcodeunit/HG35BW,HG3 5BW,,,,other,Postcode,412510,465579,3500,18000,,,,,,,,,,,,,North Yorkshire,http://data.ordnancesurvey.co.uk/id/7000000000183627,http://data.ordnancesurvey.co.uk/ontology/admingeo/UnitaryAuthority,Yorkshire and the Humber,http://data.ordnancesurvey.co.uk/id/7000000000041430,England,http://data.ordnancesurvey.co.uk/id/country/england,,,
HG35AF,http://data.ordnancesurvey.co.uk/id/postcodeunit/HG35AF,HG3 5AF,,,,other,Postcode,415784,465629,3500,18000,,,,,,,Pateley Bridge,http://data.ordnancesurvey.co.uk/id/4000000074546010,http://www.ordnancesurvey.co.uk/xml/codelists/localtype.xml#town,,,,North Yorkshire,http://data.ordnancesurvey.co.uk/id/7000000000183627,http://data.ordnancesurvey.co.uk/ontology/admingeo/UnitaryAuthority,Yorkshire and the Humber,http://data.ordnancesurvey.co.uk/id/7000000000041430,England,http://data.ordnancesurvey.co.uk/id/country/england,,,
HG35PT,http://data.ordnancesurvey.co.uk/id/postcodeunit/HG35PT,HG3 5PT,,,,other,Postcode,413171,468039,3500,18000,,,,,,,,,,,,,North Yorkshire,http://data.ordnancesurvey.co.uk/id/7000000000183627,http://data.ordnancesurvey.co.uk/ontology/admingeo/UnitaryAuthority,Yorkshire and the Humber,http://data.ordnancesurvey.co.uk/id/7000000000041430,England,http://data.ordnancesurvey.co.uk/id/country/england,,,
HG35NH,http://data.ordnancesurvey.co.uk/id/postcodeunit/HG35NH,HG3 5NH,,,,other,Postcode,416782,465168,3500,18000,,,,,,,,,,,,,North Yorkshire,http://data.ordnancesurvey.co.uk/id/7000000000183627,http://data.ordnancesurvey.co.uk/ontology/admingeo/UnitaryAuthority,Yorkshire and the Humber,http://data.ordnancesurvey.co.uk/id/7000000000041430,England,http://data.ordnancesurvey.co.uk/id/country/england,,,
HG34DQ,http://data.ordnancesurvey.co.uk/id/postcodeunit/HG34DQ,HG3 4DQ,,,,other,Postcode,419026,463932,3500,18000,,,,,,,Low Laithe,http://data.ordnancesurvey.co.uk/id/4000000074545780,http://www.ordnancesurvey.co.uk/xml/codelists/localtype.xml#village,,,,North Yorkshire,http://data.ordnancesurvey.co.uk/id/7000000000183627,http://data.ordnancesurvey.co.uk/ontology/admingeo/UnitaryAuthority,Yorkshire and the Humber,http://data.ordnancesurvey.co.uk/id/7000000000041430,England,http://data.ordnancesurvey.co.uk/id/country/england,,,
HG35PH,http://data.ordnancesurvey.co.uk/id/postcodeunit/HG35PH,HG3 5PH,,,,other,Postcode,415211,466690,3500,18000,,,,,,,Silver Hill,http://data.ordnancesurvey.co.uk/id/4000000074547285,http://www.ordnancesurvey.co.uk/xml/codelists/localtype.xml#hamlet,,,,North Yorkshire,http://data.ordnancesurvey.co.uk/id/7000000000183627,http://data.ordnancesurvey.co.uk/ontology/admingeo/UnitaryAuthority,Yorkshire and the Humber,http://data.ordnancesurvey.co.uk/id/7000000000041430,England,http://data.ordnancesurvey.co.uk/id/country/england,,,
HG35DX,http://data.ordnancesurvey.co.uk/id/postcodeunit/HG35DX,HG3 5DX,,,,other,Postcode,417607,464748,3500,18000,,,,,,,Glasshouses,http://data.ordnancesurvey.co.uk/id/4000000074546007,http://www.ordnancesurvey.co.uk/xml/codelists/localtype.xml#village,,,,North Yorkshire,http://data.ordnancesurvey.co.uk/id/7000000000183627,http://data.ordnancesurvey.co.uk/ontology/admingeo/UnitaryAuthority,Yorkshire and the Humber,http://data.ordnancesurvey.co.uk/id/7000000000041430,England,http://data.ordnancesurvey.co.uk/id/country/england,,,
HG35RZ,http://data.ordnancesurvey.co.uk/id/postcodeunit/HG35RZ,HG3 5RZ,,,,other,Postcode,410127,473474,3500,18000,,,,,,,Lofthouse,http://data.ordnancesurvey.co.uk/id/4000000074545785,http://www.ordnancesurvey.co.uk/xml/codelists/localtype.xml#village,,,,North Yorkshire,http://data.ordnancesurvey.co.uk/id/7000000000183627,http://data.ordnancesurvey.co.uk/ontology/admingeo/UnitaryAuthority,Yorkshire and the Humber,http://data.ordnancesurvey.co.uk/id/7000000000041430,England,http://data.ordnancesurvey.co.uk/id/country/england,,,
HG35DY,http://data.ordnancesurvey.co.uk/id/postcodeunit/HG35DY,HG3 5DY,,,,other,Postcode,417307,464477,3500,18000,,,,,,,Glasshouses,http://data.ordnancesurvey.co.uk/id/4000000074546007,http://www.ordnancesurvey.co.uk/xml/codelists/localtype.xml#village,,,,North Yorkshire,http://data.ordnancesurvey.co.uk/id/7000000000183627,http://data.ordnancesurvey.co.uk/ontology/admingeo/UnitaryAuthority,Yorkshire and the Humber,http://data.ordnancesurvey.co.uk/id/7000000000041430,England,http://data.ordnancesurvey.co.uk/id/country/england,,,
HG35BJ,http://data.ordnancesurvey.co.uk/id/postcodeunit/HG35BJ,HG3 5BJ,,,,other,Postcode,412972,464922,3500,18000,,,,,,,,,,,,,North Yorkshire,http://data.ordnancesurvey.co.uk/id/7000000000183627,http://data.ordnancesurvey.co.uk/ontology/admingeo/UnitaryAuthority,Yorkshire and the Humber,http://data.ordnancesurvey.co.uk/id/7000000000041430,England,http://data.ordnancesurvey.co.uk/id/country/england,,,
HG35LU,http://data.ordnancesurvey.co.uk/id/postcodeunit/HG35LU,HG3 5LU,,,,other,Postcode,415980,465668,3500,18000,,,,,,,Pateley Bridge,http://data.ordnancesurvey.co.uk/id/4000000074546010,http://www.ordnancesurvey.co.uk/xml/codelists/localtype.xml#town,,,,North Yorkshire,http://data.ordnancesurvey.co.uk/id/7000000000183627,http://data.ordnancesurvey.co.uk/ontology/admingeo/UnitaryAuthority,Yorkshire and the Humber,http://data.ordnancesurvey.co.uk/id/7000000000041430,England,http://data.ordnancesurvey.co.uk/id/country/england,,,
HG35PZ,http://data.ordnancesurvey.co.uk/id/postcodeunit/HG35PZ,HG3 5PZ,,,,other,Postcode,413779,466528,3500,18000,,,,,,,,,,,,,North Yorkshire,http://data.ordnancesurvey.co.uk/id/7000000000183627,http://data.ordnancesurvey.co.uk/ontology/admingeo/UnitaryAuthority,Yorkshire and the Humber,http://data.ordnancesurvey.co.uk/id/7000000000041430,England,http://data.ordnancesurvey.co.uk/id/country/england,,,
HG35PJ,http://data.ordnancesurvey.co.uk/id/postcodeunit/HG35PJ,HG3 5PJ,,,,other,Postcode,415057,467065,3500,18000,,,,,,,,,,,,,North Yorkshire,http://data.ordnancesurvey.co.uk/id/7000000000183627,http://data.ordnancesurvey.co.uk/ontology/admingeo/UnitaryAuthority,Yorkshire and the Humber,http://data.ordnancesurvey.co.uk/id/7000000000041430,England,http://data.ordnancesurvey.co.uk/id/country/england,,,
HG35QE,http://data.ordnancesurvey.co.uk/id/postcodeunit/HG35QE,HG3 5QE,,,,other,Postcode,416331,465056,3500,18000,,,,,,,Pateley Bridge,http://data.ordnancesurvey.co.uk/id/4000000074546010,http://www.ordnancesurvey.co.uk/xml/codelists/localtype.xml#town,,,,North Yorkshire,http://data.ordnancesurvey.co.uk/id/7000000000183627,http://data.ordnancesurvey.co.uk/ontology/admingeo/UnitaryAuthority,Yorkshire and the Humber,http://data.ordnancesurvey.co.uk/id/7000000000041430,England,http://data.ordnancesurvey.co.uk/id/country/england,,,
BD236BW,http://data.ordnancesurvey.co.uk/id/postcodeunit/BD236BW,BD23 6BW,,,,other,Postcode,403247,461292,3500,18000,,,,,,,Burnsall,http://data.ordnancesurvey.co.uk/id/4000000074545783,http://www.ordnancesurvey.co.uk/xml/codelists/localtype.xml#village,,,,North Yorkshire,http://data.ordnancesurvey.co.uk/id/7000000000183627,http://data.ordnancesurvey.co.uk/ontology/admingeo/UnitaryAuthority,Yorkshire and the Humber,http://data.ordnancesurvey.co.uk/id/7000000000041430,England,http://data.ordnancesurvey.co.uk/id/country/england,,,
HG35JP,http://data.ordnancesurvey.co.uk/id/postcodeunit/HG35JP,HG3 5JP,,,,other,Postcode,415349,465696,3500,18000,,,,,,,Pateley Bridge,http://data.ordnancesurvey.co.uk/id/4000000074546010,http://www.ordnancesurvey.co.uk/xml/codelists/localtype.xml#town,,,,North Yorkshire,http://data.ordnancesurvey.co.uk/id/7000000000183627,http://data.ordnancesurvey.co.uk/ontology/admingeo/UnitaryAuthority,Yorkshire and the Humber,http://data.ordnancesurvey.co.uk/id/7000000000041430,England,http://data.ordnancesurvey.co.uk/id/country/england,,,
HG34AU,http://data.ordnancesurvey.co.uk/id/postcodeunit/HG34AU,HG3 4AU,,,,other,Postcode,414488,460148,3500,18000,,,,,,,,,,,,,North Yorkshire,http://data.ordnancesurvey.co.uk/id/7000000000183627,http://data.ordnancesurvey.co.uk/ontology/admingeo/UnitaryAuthority,Yorkshire and the Humber,http://data.ordnancesurvey.co.uk/id/7000000000041430,England,http://data.ordnancesurvey.co.uk/id/country/england,,,
HG35JQ,http://data.ordnancesurvey.co.uk/id/postcodeunit/HG35JQ,HG3 5JQ,,,,other,Postcode,411614,464257,3500,18000,,,,,,,Greenhow,http://data.ordnancesurvey.co.uk/id/4000000074331762,http://www.ordnancesurvey.co.uk/xml/codelists/localtype.xml#village,,,,North Yorkshire,http://data.ordnancesurvey.co.uk/id/7000000000183627,http://data.ordnancesurvey.co.uk/ontology/admingeo/UnitaryAuthority,Yorkshire and the Humber,http://data.ordnancesurvey.co.uk/id/7000000000041430,England,http://data.ordnancesurvey.co.uk/id/country/england,,,
HG43QX,http://data.ordnancesurvey.co.uk/id/postcodeunit/HG43QX,HG4 3QX,,,,other,Postcode,417403,472262,3500,18000,,,,,,,,,,,,,North Yorkshire,http://data.ordnancesurvey.co.uk/id/7000000000183627,http://data.ordnancesurvey.co.uk/ontology/admingeo/UnitaryAuthority,Yorkshire and the Humber,http://data.ordnancesurvey.co.uk/id/7000000000041430,England,http://data.ordnancesurvey.co.uk/id/country/england,,,
HG34AD,http://data.ordnancesurvey.co.uk/id/postcodeunit/HG34AD,HG3 4AD,,,,other,Postcode,419964,460338,3500,18000,,,,,,,,,,,,,North Yorkshire,http://data.ordnancesurvey.co.uk/id/7000000000183627,http://data.ordnancesurvey.co.uk/ontology/admingeo/UnitaryAuthority,Yorkshire and the Humber,http://data.ordnancesurvey.co.uk/id/7000000000041430,England,http://data.ordnancesurvey.co.uk/id/country/england,,,
HG35SF,http://data.ordnancesurvey.co.uk/id/postcodeunit/HG35SF,HG3 5SF,,,,other,Postcode,409348,473176,3500,18000,,,,,,,,,,,,,North Yorkshire,http://data.ordnancesurvey.co.uk/id/7000000000183627,http://data.ordnancesurvey.co.uk/ontology/admingeo/UnitaryAuthority,Yorkshire and the Humber,http://data.ordnancesurvey.co.uk/id/7000000000041430,England,http://data.ordnancesurvey.co.uk/id/country/england,,,
HG35AD,http://data.ordnancesurvey.co.uk/id/postcodeunit/HG35AD,HG3 5AD,,,,other,Postcode,413207,468475,3500,18000,,,,,,,,,,,,,North Yorkshire,http://data.ordnancesurvey.co.uk/id/7000000000183627,http://data.ordnancesurvey.co.uk/ontology/admingeo/UnitaryAuthority,Yorkshire and the Humber,http://data.ordnancesurvey.co.uk/id/7000000000041430,England,http://data.ordnancesurvey.co.uk/id/country/england,,,
HG35PR,http://data.ordnancesurvey.co.uk/id/postcodeunit/HG35PR,HG3 5PR,,,,other,Postcode,414802,468641,3500,18000,,,,,,,,,,,,,North Yorkshire,http://data.ordnancesurvey.co.uk/id/7000000000183627,http://data.ordnancesurvey.co.uk/ontology/admingeo/UnitaryAuthority,Yorkshire and the Humber,http://data.ordnancesurvey.co.uk/id/7000000000041430,England,http://data.ordnancesurvey.co.uk/id/country/england,,,
HG35SD,http://data.ordnancesurvey.co.uk/id/postcodeunit/HG35SD,HG3 5SD,,,,other,Postcode,410310,473284,3500,18000,,,,,,,Lofthouse,http://data.ordnancesurvey.co.uk/id/4000000074545785,http://www.ordnancesurvey.co.uk/xml/codelists/localtype.xml#village,,,,North Yorkshire,http://data.ordnancesurvey.co.uk/id/7000000000183627,http://data.ordnancesurvey.co.uk/ontology/admingeo/UnitaryAuthority,Yorkshire and the Humber,http://data.ordnancesurvey.co.uk/id/7000000000041430,England,http://data.ordnancesurvey.co.uk/id/country/england,,,
DL84TY,http://data.ordnancesurvey.co.uk/id/postcodeunit/DL84TY,DL8 4TY,,,,other,Postcode,402122,479266,3500,18000,,,,,,,Woodale,http://data.ordnancesurvey.co.uk/id/4000000074331540,http://www.ordnancesurvey.co.uk/xml/codelists/localtype.xml#hamlet,,,,North Yorkshire,http://data.ordnancesurvey.co.uk/id/7000000000183627,http://data.ordnancesurvey.co.uk/ontology/admingeo/UnitaryAuthority,Yorkshire and the Humber,http://data.ordnancesurvey.co.uk/id/7000000000041430,England,http://data.ordnancesurvey.co.uk/id/country/england,,,
HG34AP,http://data.ordnancesurvey.co.uk/id/postcodeunit/HG34AP,HG3 4AP,,,,other,Postcode,415775,460881,3500,18000,,,,,,,,,,,,,North Yorkshire,http://data.ordnancesurvey.co.uk/id/7000000000183627,http://data.ordnancesurvey.co.uk/ontology/admingeo/UnitaryAuthority,Yorkshire and the Humber,http://data.ordnancesurvey.co.uk/id/7000000000041430,England,http://data.ordnancesurvey.co.uk/id/country/england,,,
HG43QT,http://data.ordnancesurvey.co.uk/id/postcodeunit/HG43QT,HG4 3QT,,,,other,Postcode,419381,473311,3500,18000,,,,,,,,,,,,,North Yorkshire,http://data.ordnancesurvey.co.uk/id/7000000000183627,http://data.ordnancesurvey.co.uk/ontology/admingeo/UnitaryAuthority,Yorkshire and the Humber,http://data.ordnancesurvey.co.uk/id/7000000000041430,England,http://data.ordnancesurvey.co.uk/id/country/england,,,
HG34AW,http://data.ordnancesurvey.co.uk/id/postcodeunit/HG34AW,HG3 4AW,,,,other,Postcode,415998,460662,3500,18000,,,,,,,,,,,,,North Yorkshire,http://data.ordnancesurvey.co.uk/id/7000000000183627,http://data.ordnancesurvey.co.uk/ontology/admingeo/UnitaryAuthority,Yorkshire and the Humber,http://data.ordnancesurvey.co.uk/id/7000000000041430,England,http://data.ordnancesurvey.co.uk/id/country/england,,,
BD235EB,http://data.ordnancesurvey.co.uk/id/postcodeunit/BD235EB,BD23 5EB,,,,other,Postcode,403028,463246,3500,18000,,,,,,,Hebden,http://data.ordnancesurvey.co.uk/id/4000000074547511,http://www.ordnancesurvey.co.uk/xml/codelists/localtype.xml#village,,,,North Yorkshire,http://data.ordnancesurvey.co.uk/id/7000000000183627,http://data.ordnancesurvey.co.uk/ontology/admingeo/UnitaryAuthority,Yorkshire and the Humber,http://data.ordnancesurvey.co.uk/id/7000000000041430,England,http://data.ordnancesurvey.co.uk/id/country/england,,,
HG35ED,http://data.ordnancesurvey.co.uk/id/postcodeunit/HG35ED,HG3 5ED,,,,other,Postcode,418538,464312,3500,18000,,,,,,,,,,,,,North Yorkshire,http://data.ordnancesurvey.co.uk/id/7000000000183627,http://data.ordnancesurvey.co.uk/ontology/admingeo/UnitaryAuthority,Yorkshire and the Humber,http://data.ordnancesurvey.co.uk/id/7000000000041430,England,http://data.ordnancesurvey.co.uk/id/country/england,,,
HG35HU,http://data.ordnancesurvey.co.uk/id/postcodeunit/HG35HU,HG3 5HU,,,,other,Postcode,415727,464937,3500,18000,,,,,,,Bewerley,http://data.ordnancesurvey.co.uk/id/4000000074546009,http://www.ordnancesurvey.co.uk/xml/codelists/localtype.xml#village,,,,North Yorkshire,http://data.ordnancesurvey.co.uk/id/7000000000183627,http://data.ordnancesurvey.co.uk/ontology/admingeo/UnitaryAuthority,Yorkshire and the Humber,http://data.ordnancesurvey.co.uk/id/7000000000041430,England,http://data.ordnancesurvey.co.uk/id/country/england,,,
HG34ER,http://data.ordnancesurvey.co.uk/id/postcodeunit/HG34ER,HG3 4ER,,,,other,Postcode,419394,461882,3500,18000,,,,,,,Dacre Banks,http://data.ordnancesurvey.co.uk/id/4000000074546000,http://www.ordnancesurvey.co.uk/xml/codelists/localtype.xml#village,,,,North Yorkshire,http://data.ordnancesurvey.co.uk/id/7000000000183627,http://data.ordnancesurvey.co.uk/ontology/admingeo/UnitaryAuthority,Yorkshire and the Humber,http://data.ordnancesurvey.co.uk/id/7000000000041430,England,http://data.ordnancesurvey.co.uk/id/country/england,,,
HG35SG,http://data.ordnancesurvey.co.uk/id/postcodeunit/HG35SG,HG3 5SG,,,,other,Postcode,409783,473158,3500,18000,,,,,,,,,,,,,North Yorkshire,http://data.ordnancesurvey.co.uk/id/7000000000183627,http://data.ordnancesurvey.co.uk/ontology/admingeo/UnitaryAuthority,Yorkshire and the Humber,http://data.ordnancesurvey.co.uk/id/7000000000041430,England,http://data.ordnancesurvey.co.uk/id/country/england,,,
BD236BU,http://data.ordnancesurvey.co.uk/id/postcodeunit/BD236BU,BD23 6BU,,,,other,Postcode,403235,461205,3500,18000,,,,,,,Burnsall,http://data.ordnancesurvey.co.uk/id/4000000074545783,http://www.ordnancesurvey.co.uk/xml/codelists/localtype.xml#village,,,,North Yorkshire,http://data.ordnancesurvey.co.uk/id/7000000000183627,http://data.ordnancesurvey.co.uk/ontology/admingeo/UnitaryAuthority,Yorkshire and the Humber,http://data.ordnancesurvey.co.uk/id/7000000000041430,England,http://data.ordnancesurvey.co.uk/id/country/england,,,
HG35JD,http://data.ordnancesurvey.co.uk/id/postcodeunit/HG35JD,HG3 5JD,,,,other,Postcode,415248,464338,3500,18000,,,,,,,,,,,,,North Yorkshire,http://data.ordnancesurvey.co.uk/id/7000000000183627,http://data.ordnancesurvey.co.uk/ontology/admingeo/UnitaryAuthority,Yorkshire and the Humber,http://data.ordnancesurvey.co.uk/id/7000000000041430,England,http://data.ordnancesurvey.co.uk/id/country/england,,,
BD235AU,http://data.ordnancesurvey.co.uk/id/postcodeunit/BD235AU,BD23 5AU,,,,other,Postcode,400387,464101,3500,18000,,,,,,,Grassington,http://data.ordnancesurvey.co.uk/id/4000000074564363,http://www.ordnancesurvey.co.uk/xml/codelists/localtype.xml#village,,,,North Yorkshire,http://data.ordnancesurvey.co.uk/id/7000000000183627,http://data.ordnancesurvey.co.uk/ontology/admingeo/UnitaryAuthority,Yorkshire and the Humber,http://data.ordnancesurvey.co.uk/id/7000000000041430,England,http://data.ordnancesurvey.co.uk/id/country/england,,,
HG35AE,http://data.ordnancesurvey.co.uk/id/postcodeunit/HG35AE,HG3 5AE,,,,other,Postcode,412413,469723,3500,18000,,,,,,,,,,,,,North Yorkshire,http://data.ordnancesurvey.co.uk/id/7000000000183627,http://data.ordnancesurvey.co.uk/ontology/admingeo/UnitaryAuthority,Yorkshire and the Humber,http://data.ordnancesurvey.co.uk/id/7000000000041430,England,http://data.ordnancesurvey.co.uk/id/country/england,,,
BD235DL,http://data.ordnancesurvey.co.uk/id/postcodeunit/BD235DL,BD23 5DL,,,,other,Postcode,402385,464152,3500,18000,,,,,,,Hole Bottom,http://data.ordnancesurvey.co.uk/id/4000000074333645,http://www.ordnancesurvey.co.uk/xml/codelists/localtype.xml#hamlet,,,,North Yorkshire,http://data.ordnancesurvey.co.uk/id/7000000000183627,http://data.ordnancesurvey.co.uk/ontology/admingeo/UnitaryAuthority,Yorkshire and the Humber,http://data.ordnancesurvey.co.uk/id/7000000000041430,England,http://data.ordnancesurvey.co.uk/id/country/england,,,
HG34DX,http://data.ordnancesurvey.co.uk/id/postcodeunit/HG34DX,HG3 4DX,,,,other,Postcode,419637,462007,3500,18000,,,,,,,Dacre Banks,http://data.ordnancesurvey.co.uk/id/4000000074546000,http://www.ordnancesurvey.co.uk/xml/codelists/localtype.xml#village,,,,North Yorkshire,http://data.ordnancesurvey.co.uk/id/7000000000183627,http://data.ordnancesurvey.co.uk/ontology/admingeo/UnitaryAuthority,Yorkshire and the Humber,http://data.ordnancesurvey.co.uk/id/7000000000041430,England,http://data.ordnancesurvey.co.uk/id/country/england,,,
HG35LP,http://data.ordnancesurvey.co.uk/id/postcodeunit/HG35LP,HG3 5LP,,,,other,Postcode,415793,465956,3500,18000,,,,,,,Pateley Bridge,http://data.ordnancesurvey.co.uk/id/4000000074546010,http://www.ordnancesurvey.co.uk/xml/codelists/localtype.xml#town,,,,North Yorkshire,http://data.ordnancesurvey.co.uk/id/7000000000183627,http://data.ordnancesurvey.co.uk/ontology/admingeo/UnitaryAuthority,Yorkshire and the Humber,http://data.ordnancesurvey.co.uk/id/7000000000041430,England,http://data.ordnancesurvey.co.uk/id/country/england,,,
HG34ET,http://data.ordnancesurvey.co.uk/id/postcodeunit/HG34ET,HG3 4ET,,,,other,Postcode,419298,460800,3500,18000,,,,,,,Dacre,http://data.ordnancesurvey.co.uk/id/4000000074545999,http://www.ordnancesurvey.co.uk/xml/codelists/localtype.xml#village,,,,North Yorkshire,http://data.ordnancesurvey.co.uk/id/7000000000183627,http://data.ordnancesurvey.co.uk/ontology/admingeo/UnitaryAuthority,Yorkshire and the Humber,http://data.ordnancesurvey.co.uk/id/7000000000041430,England,http://data.ordnancesurvey.co.uk/id/country/england,,,
HG44LS,http://data.ordnancesurvey.co.uk/id/postcodeunit/HG44LS,HG4 4LS,,,,other,Postcode,416268,479116,3500,18000,,,,,,,,,,,,,North Yorkshire,http://data.ordnancesurvey.co.uk/id/7000000000183627,http://data.ordnancesurvey.co.uk/ontology/admingeo/UnitaryAuthority,Yorkshire and the Humber,http://data.ordnancesurvey.co.uk/id/7000000000041430,England,http://data.ordnancesurvey.co.uk/id/country/england,,,
HG35BQ,http://data.ordnancesurvey.co.uk/id/postcodeunit/HG35BQ,HG3 5BQ,,,,other,Postcode,414247,465521,3500,18000,,,,,,,,,,,,,North Yorkshire,http://data.ordnancesurvey.co.uk/id/7000000000183627,http://data.ordnancesurvey.co.uk/ontology/admingeo/UnitaryAuthority,Yorkshire and the Humber,http://data.ordnancesurvey.co.uk/id/7000000000041430,England,http://data.ordnancesurvey.co.uk/id/country/england,,,
HG35JT,http://data.ordnancesurvey.co.uk/id/postcodeunit/HG35JT,HG3 5JT,,,,other,Postcode,415755,465639,3500,18000,,,,,,,Pateley Bridge,http://data.ordnancesurvey.co.uk/id/4000000074546010,http://www.ordnancesurvey.co.uk/xml/codelists/localtype.xml#town,,,,North Yorkshire,http://data.ordnancesurvey.co.uk/id/7000000000183627,http://data.ordnancesurvey.co.uk/ontology/admingeo/UnitaryAuthority,Yorkshire and the Humber,http://data.ordnancesurvey.co.uk/id/7000000000041430,England,http://data.ordnancesurvey.co.uk/id/country/england,,,
HG43QY,http://data.ordnancesurvey.co.uk/id/postcodeunit/HG43QY,HG4 3QY,,,,other,Postcode,418396,472241,3500,18000,,,,,,,,,,,,,North Yorkshire,http://data.ordnancesurvey.co.uk/id/7000000000183627,http://data.ordnancesurvey.co.uk/ontology/admingeo/UnitaryAuthority,Yorkshire and the Humber,http://data.ordnancesurvey.co.uk/id/7000000000041430,England,http://data.ordnancesurvey.co.uk/id/country/england,,,
HG34DE,http://data.ordnancesurvey.co.uk/id/postcodeunit/HG34DE,HG3 4DE,,,,other,Postcode,419164,463742,3500,18000,,,,,,,Low Laithe,http://data.ordnancesurvey.co.uk/id/4000000074545780,http://www.ordnancesurvey.co.uk/xml/codelists/localtype.xml#village,,,,North Yorkshire,http://data.ordnancesurvey.co.uk/id/7000000000183627,http://data.ordnancesurvey.co.uk/ontology/admingeo/UnitaryAuthority,Yorkshire and the Humber,http://data.ordnancesurvey.co.uk/id/7000000000041430,England,http://data.ordnancesurvey.co.uk/id/country/england,,,
HG35RP,http://data.ordnancesurvey.co.uk/id/postcodeunit/HG35RP,HG3 5RP,,,,other,Postcode,412527,471870,3500,18000,,,,,,,,,,,,,North Yorkshire,http://data.ordnancesurvey.co.uk/id/7000000000183627,http://data.ordnancesurvey.co.uk/ontology/admingeo/UnitaryAuthority,Yorkshire and the Humber,http://data.ordnancesurvey.co.uk/id/7000000000041430,England,http://data.ordnancesurvey.co.uk/id/country/england,,,
HG35DQ,http://data.ordnancesurvey.co.uk/id/postcodeunit/HG35DQ,HG3 5DQ,,,,other,Postcode,416923,465061,3500,18000,,,,,,,,,,,,,North Yorkshire,http://data.ordnancesurvey.co.uk/id/7000000000183627,http://data.ordnancesurvey.co.uk/ontology/admingeo/UnitaryAuthority,Yorkshire and the Humber,http://data.ordnancesurvey.co.uk/id/7000000000041430,England,http://data.ordnancesurvey.co.uk/id/country/england,,,
HG34BS,http://data.ordnancesurvey.co.uk/id/postcodeunit/HG34BS,HG3 4BS,,,,other,Postcode,419640,462902,3500,18000,,,,,,,Summerbridge,http://data.ordnancesurvey.co.uk/id/4000000074545779,http://www.ordnancesurvey.co.uk/xml/codelists/localtype.xml#village,,,,North Yorkshire,http://data.ordnancesurvey.co.uk/id/7000000000183627,http://data.ordnancesurvey.co.uk/ontology/admingeo/UnitaryAuthority,Yorkshire and the Humber,http://data.ordnancesurvey.co.uk/id/7000000000041430,England,http://data.ordnancesurvey.co.uk/id/country/england,,,
HG35LL,http://data.ordnancesurvey.co.uk/id/postcodeunit/HG35LL,HG3 5LL,,,,other,Postcode,416009,465908,3500,18000,,,,,,,Pateley Bridge,http://data.ordnancesurvey.co.uk/id/4000000074546010,http://www.ordnancesurvey.co.uk/xml/codelists/localtype.xml#town,,,,North Yorkshire,http://data.ordnancesurvey.co.uk/id/7000000000183627,http://data.ordnancesurvey.co.uk/ontology/admingeo/UnitaryAuthority,Yorkshire and the Humber,http://data.ordnancesurvey.co.uk/id/7000000000041430,England,http://data.ordnancesurvey.co.uk/id/country/england,,,
HG35QW,http://data.ordnancesurvey.co.uk/id/postcodeunit/HG35QW,HG3 5QW,,,,other,Postcode,417059,464639,3500,18000,,,,,,,Glasshouses,http://data.ordnancesurvey.co.uk/id/4000000074546007,http://www.ordnancesurvey.co.uk/xml/codelists/localtype.xml#village,,,,North Yorkshire,http://data.ordnancesurvey.co.uk/id/7000000000183627,http://data.ordnancesurvey.co.uk/ontology/admingeo/UnitaryAuthority,Yorkshire and the Humber,http://data.ordnancesurvey.co.uk/id/7000000000041430,England,http://data.ordnancesurvey.co.uk/id/country/england,,,
HG35JR,http://data.ordnancesurvey.co.uk/id/postcodeunit/HG35JR,HG3 5JR,,,,other,Postcode,415304,465753,3500,18000,,,,,,,Pateley Bridge,http://data.ordnancesurvey.co.uk/id/4000000074546010,http://www.ordnancesurvey.co.uk/xml/codelists/localtype.xml#town,,,,North Yorkshire,http://data.ordnancesurvey.co.uk/id/7000000000183627,http://data.ordnancesurvey.co.uk/ontology/admingeo/UnitaryAuthority,Yorkshire and the Humber,http://data.ordnancesurvey.co.uk/id/7000000000041430,England,http://data.ordnancesurvey.co.uk/id/country/england,,,
HG35RW,http://data.ordnancesurvey.co.uk/id/postcodeunit/HG35RW,HG3 5RW,,,,other,Postcode,412285,471206,3500,18000,,,,,,,Bouthwaite,http://data.ordnancesurvey.co.uk/id/4000000074545784,http://www.ordnancesurvey.co.uk/xml/codelists/localtype.xml#hamlet,,,,North Yorkshire,http://data.ordnancesurvey.co.uk/id/7000000000183627,http://data.ordnancesurvey.co.uk/ontology/admingeo/UnitaryAuthority,Yorkshire and the Humber,http://data.ordnancesurvey.co.uk/id/7000000000041430,England,http://data.ordnancesurvey.co.uk/id/country/england,,,
HG35AZ,http://data.ordnancesurvey.co.uk/id/postcodeunit/HG35AZ,HG3 5AZ,,,,other,Postcode,415684,465642,3500,18000,,,,,,,Pateley Bridge,http://data.ordnancesurvey.co.uk/id/4000000074546010,http://www.ordnancesurvey.co.uk/xml/codelists/localtype.xml#town,,,,North Yorkshire,http://data.ordnancesurvey.co.uk/id/7000000000183627,http://data.ordnancesurvey.co.uk/ontology/admingeo/UnitaryAuthority,Yorkshire and the Humber,http://data.ordnancesurvey.co.uk/id/7000000000041430,England,http://data.ordnancesurvey.co.uk/id/country/england,,,
HG35NY,http://data.ordnancesurvey.co.uk/id/postcodeunit/HG35NY,HG3 5NY,,,,other,Postcode,416129,465399,3500,18000,,,,,,,Pateley Bridge,http://data.ordnancesurvey.co.uk/id/4000000074546010,http://www.ordnancesurvey.co.uk/xml/codelists/localtype.xml#town,,,,North Yorkshire,http://data.ordnancesurvey.co.uk/id/7000000000183627,http://data.ordnancesurvey.co.uk/ontology/admingeo/UnitaryAuthority,Yorkshire and the Humber,http://data.ordnancesurvey.co.uk/id/7000000000041430,England,http://data.ordnancesurvey.co.uk/id/country/england,,,
BD235DR,http://data.ordnancesurvey.co.uk/id/postcodeunit/BD235DR,BD23 5DR,,,,other,Postcode,402581,463101,3500,18000,,,,,,,Hebden,http://data.ordnancesurvey.co.uk/id/4000000074547511,http://www.ordnancesurvey.co.uk/xml/codelists/localtype.xml#village,,,,North Yorkshire,http://data.ordnancesurvey.co.uk/id/7000000000183627,http://data.ordnancesurvey.co.uk/ontology/admingeo/UnitaryAuthority,Yorkshire and the Humber,http://data.ordnancesurvey.co.uk/id/7000000000041430,England,http://data.ordnancesurvey.co.uk/id/country/england,,,
BD235AJ,http://data.ordnancesurvey.co.uk/id/postcodeunit/BD235AJ,BD23 5AJ,,,,other,Postcode,400388,463962,3500,18000,,,,,,,Grassington,http://data.ordnancesurvey.co.uk/id/4000000074564363,http://www.ordnancesurvey.co.uk/xml/codelists/localtype.xml#village,,,,North Yorkshire,http://data.ordnancesurvey.co.uk/id/7000000000183627,http://data.ordnancesurvey.co.uk/ontology/admingeo/UnitaryAuthority,Yorkshire and the Humber,http://data.ordnancesurvey.co.uk/id/7000000000041430,England,http://data.ordnancesurvey.co.uk/id/country/england,,,
BD235BW,http://data.ordnancesurvey.co.uk/id/postcodeunit/BD235BW,BD23 5BW,,,,other,Postcode,400273,464382,3500,18000,,,,,,,Grassington,http://data.ordnancesurvey.co.uk/id/4000000074564363,http://www.ordnancesurvey.co.uk/xml/codelists/localtype.xml#village,,,,North Yorkshire,http://data.ordnancesurvey.co.uk/id/7000000000183627,http://data.ordnancesurvey.co.uk/ontology/admingeo/UnitaryAuthority,Yorkshire and the Humber,http://data.ordnancesurvey.co.uk/id/7000000000041430,England,http://data.ordnancesurvey.co.uk/id/country/england,,,
HG35NN,http://data.ordnancesurvey.co.uk/id/postcodeunit/HG35NN,HG3 5NN,,,,other,Postcode,416025,465456,3500,18000,,,,,,,Pateley Bridge,http://data.ordnancesurvey.co.uk/id/4000000074546010,http://www.ordnancesurvey.co.uk/xml/codelists/localtype.xml#town,,,,North Yorkshire,http://data.ordnancesurvey.co.uk/id/7000000000183627,http://data.ordnancesurvey.co.uk/ontology/admingeo/UnitaryAuthority,Yorkshire and the Humber,http://data.ordnancesurvey.co.uk/id/7000000000041430,England,http://data.ordnancesurvey.co.uk/id/country/england,,,
BD236BS,http://data.ordnancesurvey.co.uk/id/postcodeunit/BD236BS,BD23 6BS,,,,other,Postcode,403157,461074,3500,18000,,,,,,,Burnsall,http://data.ordnancesurvey.co.uk/id/4000000074545783,http://www.ordnancesurvey.co.uk/xml/codelists/localtype.xml#village,,,,North Yorkshire,http://data.ordnancesurvey.co.uk/id/7000000000183627,http://data.ordnancesurvey.co.uk/ontology/admingeo/UnitaryAuthority,Yorkshire and the Humber,http://data.ordnancesurvey.co.uk/id/7000000000041430,England,http://data.ordnancesurvey.co.uk/id/country/england,,,
BD235DF,http://data.ordnancesurvey.co.uk/id/postcodeunit/BD235DF,BD23 5DF,,,,other,Postcode,400005,464142,3500,18000,,,,,,,Grassington,http://data.ordnancesurvey.co.uk/id/4000000074564363,http://www.ordnancesurvey.co.uk/xml/codelists/localtype.xml#village,,,,North Yorkshire,http://data.ordnancesurvey.co.uk/id/7000000000183627,http://data.ordnancesurvey.co.uk/ontology/admingeo/UnitaryAuthority,Yorkshire and the Humber,http://data.ordnancesurvey.co.uk/id/7000000000041430,England,http://data.ordnancesurvey.co.uk/id/country/england,,,
HG35RL,http://data.ordnancesurvey.co.uk/id/postcodeunit/HG35RL,HG3 5RL,,,,other,Postcode,411861,471052,3500,18000,,,,,,,Ramsgill,http://data.ordnancesurvey.co.uk/id/4000000074545789,http://www.ordnancesurvey.co.uk/xml/codelists/localtype.xml#hamlet,,,,North Yorkshire,http://data.ordnancesurvey.co.uk/id/7000000000183627,http://data.ordnancesurvey.co.uk/ontology/admingeo/UnitaryAuthority,Yorkshire and the Humber,http://data.ordnancesurvey.co.uk/id/7000000000041430,England,http://data.ordnancesurvey.co.uk/id/country/england,,,
HG35JH,http://data.ordnancesurvey.co.uk/id/postcodeunit/HG35JH,HG3 5JH,,,,other,Postcode,411284,464054,3500,18000,,,,,,,Greenhow,http://data.ordnancesurvey.co.uk/id/4000000074331762,http://www.ordnancesurvey.co.uk/xml/codelists/localtype.xml#village,,,,North Yorkshire,http://data.ordnancesurvey.co.uk/id/7000000000183627,http://data.ordnancesurvey.co.uk/ontology/admingeo/UnitaryAuthority,Yorkshire and the Humber,http://data.ordnancesurvey.co.uk/id/7000000000041430,England,http://data.ordnancesurvey.co.uk/id/country/england,,,
HG35EJ,http://data.ordnancesurvey.co.uk/id/postcodeunit/HG35EJ,HG3 5EJ,,,,other,Postcode,419234,465084,3500,18000,,,,,,,,,,,,,North Yorkshire,http://data.ordnancesurvey.co.uk/id/7000000000183627,http://data.ordnancesurvey.co.uk/ontology/admingeo/UnitaryAuthority,Yorkshire and the Humber,http://data.ordnancesurvey.co.uk/id/7000000000041430,England,http://data.ordnancesurvey.co.uk/id/country/england,,,
HG34HA,http://data.ordnancesurvey.co.uk/id/postcodeunit/HG34HA,HG3 4HA,,,,other,Postcode,419604,462055,3500,18000,,,,,,,Dacre Banks,http://data.ordnancesurvey.co.uk/id/4000000074546000,http://www.ordnancesurvey.co.uk/xml/codelists/localtype.xml#village,,,,North Yorkshire,http://data.ordnancesurvey.co.uk/id/7000000000183627,http://data.ordnancesurvey.co.uk/ontology/admingeo/UnitaryAuthority,Yorkshire and the Humber,http://data.ordnancesurvey.co.uk/id/7000000000041430,England,http://data.ordnancesurvey.co.uk/id/country/england,,,
BD235BJ,http://data.ordnancesurvey.co.uk/id/postcodeunit/BD235BJ,BD23 5BJ,,,,other,Postcode,400311,464375,3500,18000,,,,,,,Grassington,http://data.ordnancesurvey.co.uk/id/4000000074564363,http://www.ordnancesurvey.co.uk/xml/codelists/localtype.xml#village,,,,North Yorkshire,http://data.ordnancesurvey.co.uk/id/7000000000183627,http://data.ordnancesurvey.co.uk/ontology/admingeo/UnitaryAuthority,Yorkshire and the Humber,http://data.ordnancesurvey.co.uk/id/7000000000041430,England,http://data.ordnancesurvey.co.uk/id/country/england,,,
BD235BB,http://data.ordnancesurvey.co.uk/id/postcodeunit/BD235BB,BD23 5BB,,,,other,Postcode,400218,464291,3500,18000,,,,,,,Grassington,http://data.ordnancesurvey.co.uk/id/4000000074564363,http://www.ordnancesurvey.co.uk/xml/codelists/localtype.xml#village,,,,North Yorkshire,http://data.ordnancesurvey.co.uk/id/7000000000183627,http://data.ordnancesurvey.co.uk/ontology/admingeo/UnitaryAuthority,Yorkshire and the Humber,http://data.ordnancesurvey.co.uk/id/7000000000041430,England,http://data.ordnancesurvey.co.uk/id/country/england,,,
HG34JL,http://data.ordnancesurvey.co.uk/id/postcodeunit/HG34JL,HG3 4JL,,,,other,Postcode,419894,462722,3500,18000,,,,,,,Summerbridge,http://data.ordnancesurvey.co.uk/id/4000000074545779,http://www.ordnancesurvey.co.uk/xml/codelists/localtype.xml#village,,,,North Yorkshire,http://data.ordnancesurvey.co.uk/id/7000000000183627,http://data.ordnancesurvey.co.uk/ontology/admingeo/UnitaryAuthority,Yorkshire and the Humber,http://data.ordnancesurvey.co.uk/id/7000000000041430,England,http://data.ordnancesurvey.co.uk/id/country/england,,,
HG34AN,http://data.ordnancesurvey.co.uk/id/postcodeunit/HG34AN,HG3 4AN,,,,other,Postcode,415558,460269,3500,18000,,,,,,,,,,,,,North Yorkshire,http://data.ordnancesurvey.co.uk/id/7000000000183627,http://data.ordnancesurvey.co.uk/ontology/admingeo/UnitaryAuthority,Yorkshire and the Humber,http://data.ordnancesurvey.co.uk/id/7000000000041430,England,http://data.ordnancesurvey.co.uk/id/country/england,,,
BD235FE,http://data.ordnancesurvey.co.uk/id/postcodeunit/BD235FE,BD23 5FE,,,,other,Postcode,401961,463783,3500,18000,,,,,,,,,,,,,North Yorkshire,http://data.ordnancesurvey.co.uk/id/7000000000183627,http://data.ordnancesurvey.co.uk/ontology/admingeo/UnitaryAuthority,Yorkshire and the Humber,http://data.ordnancesurvey.co.uk/id/7000000000041430,England,http://data.ordnancesurvey.co.uk/id/country/england,,,
HG35LG,http://data.ordnancesurvey.co.uk/id/postcodeunit/HG35LG,HG3 5LG,,,,other,Postcode,415897,465852,3500,18000,,,,,,,Pateley Bridge,http://data.ordnancesurvey.co.uk/id/4000000074546010,http://www.ordnancesurvey.co.uk/xml/codelists/localtype.xml#town,,,,North Yorkshire,http://data.ordnancesurvey.co.uk/id/7000000000183627,http://data.ordnancesurvey.co.uk/ontology/admingeo/UnitaryAuthority,Yorkshire and the Humber,http://data.ordnancesurvey.co.uk/id/7000000000041430,England,http://data.ordnancesurvey.co.uk/id/country/england,,,
HG35LT,http://data.ordnancesurvey.co.uk/id/postcodeunit/HG35LT,HG3 5LT,,,,other,Postcode,415811,465844,3500,18000,,,,,,,Pateley Bridge,http://data.ordnancesurvey.co.uk/id/4000000074546010,http://www.ordnancesurvey.co.uk/xml/codelists/localtype.xml#town,,,,North Yorkshire,http://data.ordnancesurvey.co.uk/id/7000000000183627,http://data.ordnancesurvey.co.uk/ontology/admingeo/UnitaryAuthority,Yorkshire and the Humber,http://data.ordnancesurvey.co.uk/id/7000000000041430,England,http://data.ordnancesurvey.co.uk/id/country/england,,,
HG35AA,http://data.ordnancesurvey.co.uk/id/postcodeunit/HG35AA,HG3 5AA,,,,other,Postcode,414496,466955,3500,18000,,,,,,,,,,,,,North Yorkshire,http://data.ordnancesurvey.co.uk/id/7000000000183627,http://data.ordnancesurvey.co.uk/ontology/admingeo/UnitaryAuthority,Yorkshire and the Humber,http://data.ordnancesurvey.co.uk/id/7000000000041430,England,http://data.ordnancesurvey.co.uk/id/country/england,,,
BD235DP,http://data.ordnancesurvey.co.uk/id/postcodeunit/BD235DP,BD23 5DP,,,,other,Postcode,402574,463123,3500,18000,,,,,,,Hebden,http://data.ordnancesurvey.co.uk/id/4000000074547511,http://www.ordnancesurvey.co.uk/xml/codelists/localtype.xml#village,,,,North Yorkshire,http://data.ordnancesurvey.co.uk/id/7000000000183627,http://data.ordnancesurvey.co.uk/ontology/admingeo/UnitaryAuthority,Yorkshire and the Humber,http://data.ordnancesurvey.co.uk/id/7000000000041430,England,http://data.ordnancesurvey.co.uk/id/country/england,,,
HG34AG,http://data.ordnancesurvey.co.uk/id/postcodeunit/HG34AG,HG3 4AG,,,,other,Postcode,417921,460909,3500,18000,,,,,,,,,,,,,North Yorkshire,http://data.ordnancesurvey.co.uk/id/7000000000183627,http://data.ordnancesurvey.co.uk/ontology/admingeo/UnitaryAuthority,Yorkshire and the Humber,http://data.ordnancesurvey.co.uk/id/7000000000041430,England,http://data.ordnancesurvey.co.uk/id/country/england,,,
BD235LH,http://data.ordnancesurvey.co.uk/id/postcodeunit/BD235LH,BD23 5LH,,,,other,Postcode,400462,463552,3500,18000,,,,,,,Grassington,http://data.ordnancesurvey.co.uk/id/4000000074564363,http://www.ordnancesurvey.co.uk/xml/codelists/localtype.xml#village,,,,North Yorkshire,http://data.ordnancesurvey.co.uk/id/7000000000183627,http://data.ordnancesurvey.co.uk/ontology/admingeo/UnitaryAuthority,Yorkshire and the Humber,http://data.ordnancesurvey.co.uk/id/7000000000041430,England,http://data.ordnancesurvey.co.uk/id/country/england,,,
BD235BD,http://data.ordnancesurvey.co.uk/id/postcodeunit/BD235BD,BD23 5BD,,,,other,Postcode,400494,464346,3500,18000,,,,,,,Grassington,http://data.ordnancesurvey.co.uk/id/4000000074564363,http://www.ordnancesurvey.co.uk/xml/codelists/localtype.xml#village,,,,North Yorkshire,http://data.ordnancesurvey.co.uk/id/7000000000183627,http://data.ordnancesurvey.co.uk/ontology/admingeo/UnitaryAuthority,Yorkshire and the Humber,http://data.ordnancesurvey.co.uk/id/7000000000041430,England,http://data.ordnancesurvey.co.uk/id/country/england,,,
HG35PP,http://data.ordnancesurvey.co.uk/id/postcodeunit/HG35PP,HG3 5PP,,,,other,Postcode,414658,467805,3500,18000,,,,,,,Wath,http://data.ordnancesurvey.co.uk/id/4000000074547280,http://www.ordnancesurvey.co.uk/xml/codelists/localtype.xml#hamlet,,,,North Yorkshire,http://data.ordnancesurvey.co.uk/id/7000000000183627,http://data.ordnancesurvey.co.uk/ontology/admingeo/UnitaryAuthority,Yorkshire and the Humber,http://data.ordnancesurvey.co.uk/id/7000000000041430,England,http://data.ordnancesurvey.co.uk/id/country/england,,,
BD235BH,http://data.ordnancesurvey.co.uk/id/postcodeunit/BD235BH,BD23 5BH,,,,other,Postcode,400288,464285,3500,18000,,,,,,,Grassington,http://data.ordnancesurvey.co.uk/id/4000000074564363,http://www.ordnancesurvey.co.uk/xml/codelists/localtype.xml#village,,,,North Yorkshire,http://data.ordnancesurvey.co.uk/id/7000000000183627,http://data.ordnancesurvey.co.uk/ontology/admingeo/UnitaryAuthority,Yorkshire and the Humber,http://data.ordnancesurvey.co.uk/id/7000000000041430,England,http://data.ordnancesurvey.co.uk/id/country/england,,,
BD235AT,http://data.ordnancesurvey.co.uk/id/postcodeunit/BD235AT,BD23 5AT,,,,other,Postcode,400316,464075,3500,18000,,,,,,,Grassington,http://data.ordnancesurvey.co.uk/id/4000000074564363,http://www.ordnancesurvey.co.uk/xml/codelists/localtype.xml#village,,,,North Yorkshire,http://data.ordnancesurvey.co.uk/id/7000000000183627,http://data.ordnancesurvey.co.uk/ontology/admingeo/UnitaryAuthority,Yorkshire and the Humber,http://data.ordnancesurvey.co.uk/id/7000000000041430,England,http://data.ordnancesurvey.co.uk/id/country/england,,,
HG35JA,http://data.ordnancesurvey.co.uk/id/postcodeunit/HG35JA,HG3 5JA,,,,other,Postcode,415942,464138,3500,18000,,,,,,,,,,,,,North Yorkshire,http://data.ordnancesurvey.co.uk/id/7000000000183627,http://data.ordnancesurvey.co.uk/ontology/admingeo/UnitaryAuthority,Yorkshire and the Humber,http://data.ordnancesurvey.co.uk/id/7000000000041430,England,http://data.ordnancesurvey.co.uk/id/country/england,,,
HG34BW,http://data.ordnancesurvey.co.uk/id/postcodeunit/HG34BW,HG3 4BW,,,,other,Postcode,419577,462922,3500,18000,,,,,,,Summerbridge,http://data.ordnancesurvey.co.uk/id/4000000074545779,http://www.ordnancesurvey.co.uk/xml/codelists/localtype.xml#village,,,,North Yorkshire,http://data.ordnancesurvey.co.uk/id/7000000000183627,http://data.ordnancesurvey.co.uk/ontology/admingeo/UnitaryAuthority,Yorkshire and the Humber,http://data.ordnancesurvey.co.uk/id/7000000000041430,England,http://data.ordnancesurvey.co.uk/id/country/england,,,
HG35LN,http://data.ordnancesurvey.co.uk/id/postcodeunit/HG35LN,HG3 5LN,,,,other,Postcode,415840,465950,3500,18000,,,,,,,Pateley Bridge,http://data.ordnancesurvey.co.uk/id/4000000074546010,http://www.ordnancesurvey.co.uk/xml/codelists/localtype.xml#town,,,,North Yorkshire,http://data.ordnancesurvey.co.uk/id/7000000000183627,http://data.ordnancesurvey.co.uk/ontology/admingeo/UnitaryAuthority,Yorkshire and the Humber,http://data.ordnancesurvey.co.uk/id/7000000000041430,England,http://data.ordnancesurvey.co.uk/id/country/england,,,
HG35QH,http://data.ordnancesurvey.co.uk/id/postcodeunit/HG35QH,HG3 5QH,,,,other,Postcode,417191,464466,3500,18000,,,,,,,Glasshouses,http://data.ordnancesurvey.co.uk/id/4000000074546007,http://www.ordnancesurvey.co.uk/xml/codelists/localtype.xml#village,,,,North Yorkshire,http://data.ordnancesurvey.co.uk/id/7000000000183627,http://data.ordnancesurvey.co.uk/ontology/admingeo/UnitaryAuthority,Yorkshire and the Humber,http://data.ordnancesurvey.co.uk/id/7000000000041430,England,http://data.ordnancesurvey.co.uk/id/country/england,,,
BD236DA,http://data.ordnancesurvey.co.uk/id/postcodeunit/BD236DA,BD23 6DA,,,,other,Postcode,405280,460128,3500,18000,,,,,,,Appletreewick,http://data.ordnancesurvey.co.uk/id/4000000074547503,http://www.ordnancesurvey.co.uk/xml/codelists/localtype.xml#village,,,,North Yorkshire,http://data.ordnancesurvey.co.uk/id/7000000000183627,http://data.ordnancesurvey.co.uk/ontology/admingeo/UnitaryAuthority,Yorkshire and the Humber,http://data.ordnancesurvey.co.uk/id/7000000000041430,England,http://data.ordnancesurvey.co.uk/id/country/england,,,
HG35DR,http://data.ordnancesurvey.co.uk/id/postcodeunit/HG35DR,HG3 5DR,,,,other,Postcode,417746,465235,3500,18000,,,,,,,Blazefield,http://data.ordnancesurvey.co.uk/id/4000000074546008,http://www.ordnancesurvey.co.uk/xml/codelists/localtype.xml#hamlet,,,,North Yorkshire,http://data.ordnancesurvey.co.uk/id/7000000000183627,http://data.ordnancesurvey.co.uk/ontology/admingeo/UnitaryAuthority,Yorkshire and the Humber,http://data.ordnancesurvey.co.uk/id/7000000000041430,England,http://data.ordnancesurvey.co.uk/id/country/england,,,
HG34BN,http://data.ordnancesurvey.co.uk/id/postcodeunit/HG34BN,HG3 4BN,,,,other,Postcode,419777,462797,3500,18000,,,,,,,Summerbridge,http://data.ordnancesurvey.co.uk/id/4000000074545779,http://www.ordnancesurvey.co.uk/xml/codelists/localtype.xml#village,,,,North Yorkshire,http://data.ordnancesurvey.co.uk/id/7000000000183627,http://data.ordnancesurvey.co.uk/ontology/admingeo/UnitaryAuthority,Yorkshire and the Humber,http://data.ordnancesurvey.co.uk/id/7000000000041430,England,http://data.ordnancesurvey.co.uk/id/country/england,,,
HG35BH,http://data.ordnancesurvey.co.uk/id/postcodeunit/HG35BH,HG3 5BH,,,,other,Postcode,413604,465455,3500,18000,,,,,,,,,,,,,North Yorkshire,http://data.ordnancesurvey.co.uk/id/7000000000183627,http://data.ordnancesurvey.co.uk/ontology/admingeo/UnitaryAuthority,Yorkshire and the Humber,http://data.ordnancesurvey.co.uk/id/7000000000041430,England,http://data.ordnancesurvey.co.uk/id/country/england,,,
HG35LB,http://data.ordnancesurvey.co.uk/id/postcodeunit/HG35LB,HG3 5LB,,,,other,Postcode,415881,465688,3500,18000,,,,,,,Pateley Bridge,http://data.ordnancesurvey.co.uk/id/4000000074546010,http://www.ordnancesurvey.co.uk/xml/codelists/localtype.xml#town,,,,North Yorkshire,http://data.ordnancesurvey.co.uk/id/7000000000183627,http://data.ordnancesurvey.co.uk/ontology/admingeo/UnitaryAuthority,Yorkshire and the Humber,http://data.ordnancesurvey.co.uk/id/7000000000041430,England,http://data.ordnancesurvey.co.uk/id/country/england,,,
HG43RA,http://data.ordnancesurvey.co.uk/id/postcodeunit/HG43RA,HG4 3RA,,,,other,Postcode,418769,471260,3500,18000,,,,,,,,,,,,,North Yorkshire,http://data.ordnancesurvey.co.uk/id/7000000000183627,http://data.ordnancesurvey.co.uk/ontology/admingeo/UnitaryAuthority,Yorkshire and the Humber,http://data.ordnancesurvey.co.uk/id/7000000000041430,England,http://data.ordnancesurvey.co.uk/id/country/england,,,
HG35PX,http://data.ordnancesurvey.co.uk/id/postcodeunit/HG35PX,HG3 5PX,,,,other,Postcode,414702,466542,3500,18000,,,,,,,Pateley Bridge,http://data.ordnancesurvey.co.uk/id/4000000074546010,http://www.ordnancesurvey.co.uk/xml/codelists/localtype.xml#town,,,,North Yorkshire,http://data.ordnancesurvey.co.uk/id/7000000000183627,http://data.ordnancesurvey.co.uk/ontology/admingeo/UnitaryAuthority,Yorkshire and the Humber,http://data.ordnancesurvey.co.uk/id/7000000000041430,England,http://data.ordnancesurvey.co.uk/id/country/england,,,
BD236AX,http://data.ordnancesurvey.co.uk/id/postcodeunit/BD236AX,BD23 6AX,,,,other,Postcode,403839,460030,3500,18000,,,,,,,,,,,,,North Yorkshire,http://data.ordnancesurvey.co.uk/id/7000000000183627,http://data.ordnancesurvey.co.uk/ontology/admingeo/UnitaryAuthority,Yorkshire and the Humber,http://data.ordnancesurvey.co.uk/id/7000000000041430,England,http://data.ordnancesurvey.co.uk/id/country/england,,,
HG35LR,http://data.ordnancesurvey.co.uk/id/postcodeunit/HG35LR,HG3 5LR,,,,other,Postcode,415670,465805,3500,18000,,,,,,,Pateley Bridge,http://data.ordnancesurvey.co.uk/id/4000000074546010,http://www.ordnancesurvey.co.uk/xml/codelists/localtype.xml#town,,,,North Yorkshire,http://data.ordnancesurvey.co.uk/id/7000000000183627,http://data.ordnancesurvey.co.uk/ontology/admingeo/UnitaryAuthority,Yorkshire and the Humber,http://data.ordnancesurvey.co.uk/id/7000000000041430,England,http://data.ordnancesurvey.co.uk/id/country/england,,,
HG34EU,http://data.ordnancesurvey.co.uk/id/postcodeunit/HG34EU,HG3 4EU,,,,other,Postcode,418409,462185,3500,18000,,,,,,,,,,,,,North Yorkshire,http://data.ordnancesurvey.co.uk/id/7000000000183627,http://data.ordnancesurvey.co.uk/ontology/admingeo/UnitaryAuthority,Yorkshire and the Humber,http://data.ordnancesurvey.co.uk/id/7000000000041430,England,http://data.ordnancesurvey.co.uk/id/country/england,,,
BD235FD,http://data.ordnancesurvey.co.uk/id/postcodeunit/BD235FD,BD23 5FD,,,,other,Postcode,400165,464366,3500,18000,,,,,,,Grassington,http://data.ordnancesurvey.co.uk/id/4000000074564363,http://www.ordnancesurvey.co.uk/xml/codelists/localtype.xml#village,,,,North Yorkshire,http://data.ordnancesurvey.co.uk/id/7000000000183627,http://data.ordnancesurvey.co.uk/ontology/admingeo/UnitaryAuthority,Yorkshire and the Humber,http://data.ordnancesurvey.co.uk/id/7000000000041430,England,http://data.ordnancesurvey.co.uk/id/country/england,,,
HG35AB,http://data.ordnancesurvey.co.uk/id/postcodeunit/HG35AB,HG3 5AB,,,,other,Postcode,414047,467963,3500,18000,,,,,,,,,,,,,North Yorkshire,http://data.ordnancesurvey.co.uk/id/7000000000183627,http://data.ordnancesurvey.co.uk/ontology/admingeo/UnitaryAuthority,Yorkshire and the Humber,http://data.ordnancesurvey.co.uk/id/7000000000041430,England,http://data.ordnancesurvey.co.uk/id/country/england,,,
BD235DE,http://data.ordnancesurvey.co.uk/id/postcodeunit/BD235DE,BD23 5DE,,,,other,Postcode,402533,463186,3500,18000,,,,,,,Hebden,http://data.ordnancesurvey.co.uk/id/4000000074547511,http://www.ordnancesurvey.co.uk/xml/codelists/localtype.xml#village,,,,North Yorkshire,http://data.ordnancesurvey.co.uk/id/7000000000183627,http://data.ordnancesurvey.co.uk/ontology/admingeo/UnitaryAuthority,Yorkshire and the Humber,http://data.ordnancesurvey.co.uk/id/7000000000041430,England,http://data.ordnancesurvey.co.uk/id/country/england,,,
HG35JB,http://data.ordnancesurvey.co.uk/id/postcodeunit/HG35JB,HG3 5JB,,,,other,Postcode,415993,464820,3500,18000,,,,,,,,,,,,,North Yorkshire,http://data.ordnancesurvey.co.uk/id/7000000000183627,http://data.ordnancesurvey.co.uk/ontology/admingeo/UnitaryAuthority,Yorkshire and the Humber,http://data.ordnancesurvey.co.uk/id/7000000000041430,England,http://data.ordnancesurvey.co.uk/id/country/england,,,
HG35SY,http://data.ordnancesurvey.co.uk/id/postcodeunit/HG35SY,HG3 5SY,,,,other,Postcode,408704,473478,3500,18000,,,,,,,Stean,http://data.ordnancesurvey.co.uk/id/4000000074545786,http://www.ordnancesurvey.co.uk/xml/codelists/localtype.xml#hamlet,,,,North Yorkshire,http://data.ordnancesurvey.co.uk/id/7000000000183627,http://data.ordnancesurvey.co.uk/ontology/admingeo/UnitaryAuthority,Yorkshire and the Humber,http://data.ordnancesurvey.co.uk/id/7000000000041430,England,http://data.ordnancesurvey.co.uk/id/country/england,,,
HG35SQ,http://data.ordnancesurvey.co.uk/id/postcodeunit/HG35SQ,HG3 5SQ,,,,other,Postcode,409904,472600,3500,18000,,,,,,,,,,,,,North Yorkshire,http://data.ordnancesurvey.co.uk/id/7000000000183627,http://data.ordnancesurvey.co.uk/ontology/admingeo/UnitaryAuthority,Yorkshire and the Humber,http://data.ordnancesurvey.co.uk/id/7000000000041430,England,http://data.ordnancesurvey.co.uk/id/country/england,,,
HG35ES,http://data.ordnancesurvey.co.uk/id/postcodeunit/HG35ES,HG3 5ES,,,,other,Postcode,419671,466348,3500,18000,,,,,,,,,,,,,North Yorkshire,http://data.ordnancesurvey.co.uk/id/7000000000183627,http://data.ordnancesurvey.co.uk/ontology/admingeo/UnitaryAuthority,Yorkshire and the Humber,http://data.ordnancesurvey.co.uk/id/7000000000041430,England,http://data.ordnancesurvey.co.uk/id/country/england,,,
HG34AA,http://data.ordnancesurvey.co.uk/id/postcodeunit/HG34AA,HG3 4AA,,,,other,Postcode,419863,461280,3500,18000,,,,,,,,,,,,,North Yorkshire,http://data.ordnancesurvey.co.uk/id/7000000000183627,http://data.ordnancesurvey.co.uk/ontology/admingeo/UnitaryAuthority,Yorkshire and the Humber,http://data.ordnancesurvey.co.uk/id/7000000000041430,England,http://data.ordnancesurvey.co.uk/id/country/england,,,
HG35NS,http://data.ordnancesurvey.co.uk/id/postcodeunit/HG35NS,HG3 5NS,,,,other,Postcode,416031,465637,3500,18000,,,,,,,Pateley Bridge,http://data.ordnancesurvey.co.uk/id/4000000074546010,http://www.ordnancesurvey.co.uk/xml/codelists/localtype.xml#town,,,,North Yorkshire,http://data.ordnancesurvey.co.uk/id/7000000000183627,http://data.ordnancesurvey.co.uk/ontology/admingeo/UnitaryAuthority,Yorkshire and the Humber,http://data.ordnancesurvey.co.uk/id/7000000000041430,England,http://data.ordnancesurvey.co.uk/id/country/england,,,
HG35EH,http://data.ordnancesurvey.co.uk/id/postcodeunit/HG35EH,HG3 5EH,,,,other,Postcode,418887,465317,3500,18000,,,,,,,,,,,,,North Yorkshire,http://data.ordnancesurvey.co.uk/id/7000000000183627,http://data.ordnancesurvey.co.uk/ontology/admingeo/UnitaryAuthority,Yorkshire and the Humber,http://data.ordnancesurvey.co.uk/id/7000000000041430,England,http://data.ordnancesurvey.co.uk/id/country/england,,,
BD235LJ,http://data.ordnancesurvey.co.uk/id/postcodeunit/BD235LJ,BD23 5LJ,,,,other,Postcode,400405,463629,3500,18000,,,,,,,Grassington,http://data.ordnancesurvey.co.uk/id/4000000074564363,http://www.ordnancesurvey.co.uk/xml/codelists/localtype.xml#village,,,,North Yorkshire,http://data.ordnancesurvey.co.uk/id/7000000000183627,http://data.ordnancesurvey.co.uk/ontology/admingeo/UnitaryAuthority,Yorkshire and the Humber,http://data.ordnancesurvey.co.uk/id/7000000000041430,England,http://data.ordnancesurvey.co.uk/id/country/england,,,
BD235EE,http://data.ordnancesurvey.co.uk/id/postcodeunit/BD235EE,BD23 5EE,,,,other,Postcode,404791,462977,3500,18000,,,,,,,,,,,,,North Yorkshire,http://data.ordnancesurvey.co.uk/id/7000000000183627,http://data.ordnancesurvey.co.uk/ontology/admingeo/UnitaryAuthority,Yorkshire and the Humber,http://data.ordnancesurvey.co.uk/id/7000000000041430,England,http://data.ordnancesurvey.co.uk/id/country/england,,,
BD235LW,http://data.ordnancesurvey.co.uk/id/postcodeunit/BD235LW,BD23 5LW,,,,other,Postcode,400503,463649,3500,18000,,,,,,,Grassington,http://data.ordnancesurvey.co.uk/id/4000000074564363,http://www.ordnancesurvey.co.uk/xml/codelists/localtype.xml#village,,,,North Yorkshire,http://data.ordnancesurvey.co.uk/id/7000000000183627,http://data.ordnancesurvey.co.uk/ontology/admingeo/UnitaryAuthority,Yorkshire and the Humber,http://data.ordnancesurvey.co.uk/id/7000000000041430,England,http://data.ordnancesurvey.co.uk/id/country/england,,,
HG44JX,http://data.ordnancesurvey.co.uk/id/postcodeunit/HG44JX,HG4 4JX,,,,other,Postcode,418754,477391,3500,18000,,,,,,,,,,,,,North Yorkshire,http://data.ordnancesurvey.co.uk/id/7000000000183627,http://data.ordnancesurvey.co.uk/ontology/admingeo/UnitaryAuthority,Yorkshire and the Humber,http://data.ordnancesurvey.co.uk/id/7000000000041430,England,http://data.ordnancesurvey.co.uk/id/country/england,,,
HG44LA,http://data.ordnancesurvey.co.uk/id/postcodeunit/HG44LA,HG4 4LA,,,,other,Postcode,418693,479859,3500,18000,,,,,,,,,,,,,North Yorkshire,http://data.ordnancesurvey.co.uk/id/7000000000183627,http://data.ordnancesurvey.co.uk/ontology/admingeo/UnitaryAuthority,Yorkshire and the Humber,http://data.ordnancesurvey.co.uk/id/7000000000041430,England,http://data.ordnancesurvey.co.uk/id/country/england,,,
BD236DB,http://data.ordnancesurvey.co.uk/id/postcodeunit/BD236DB,BD23 6DB,,,,other,Postcode,405368,460175,3500,18000,,,,,,,Appletreewick,http://data.ordnancesurvey.co.uk/id/4000000074547503,http://www.ordnancesurvey.co.uk/xml/codelists/localtype.xml#village,,,,North Yorkshire,http://data.ordnancesurvey.co.uk/id/7000000000183627,http://data.ordnancesurvey.co.uk/ontology/admingeo/UnitaryAuthority,Yorkshire and the Humber,http://data.ordnancesurvey.co.uk/id/7000000000041430,England,http://data.ordnancesurvey.co.uk/id/country/england,,,
BD235AD,http://data.ordnancesurvey.co.uk/id/postcodeunit/BD235AD,BD23 5AD,,,,other,Postcode,400240,464027,3500,18000,,,,,,,Grassington,http://data.ordnancesurvey.co.uk/id/4000000074564363,http://www.ordnancesurvey.co.uk/xml/codelists/localtype.xml#village,,,,North Yorkshire,http://data.ordnancesurvey.co.uk/id/7000000000183627,http://data.ordnancesurvey.co.uk/ontology/admingeo/UnitaryAuthority,Yorkshire and the Humber,http://data.ordnancesurvey.co.uk/id/7000000000041430,England,http://data.ordnancesurvey.co.uk/id/country/england,,,
HG35JX,http://data.ordnancesurvey.co.uk/id/postcodeunit/HG35JX,HG3 5JX,,,,other,Postcode,415915,465558,3500,18000,,,,,,,Pateley Bridge,http://data.ordnancesurvey.co.uk/id/4000000074546010,http://www.ordnancesurvey.co.uk/xml/codelists/localtype.xml#town,,,,North Yorkshire,http://data.ordnancesurvey.co.uk/id/7000000000183627,http://data.ordnancesurvey.co.uk/ontology/admingeo/UnitaryAuthority,Yorkshire and the Humber,http://data.ordnancesurvey.co.uk/id/7000000000041430,England,http://data.ordnancesurvey.co.uk/id/country/england,,,
HG34JN,http://data.ordnancesurvey.co.uk/id/postcodeunit/HG34JN,HG3 4JN,,,,other,Postcode,419990,462582,3500,18000,,,,,,,Summerbridge,http://data.ordnancesurvey.co.uk/id/4000000074545779,http://www.ordnancesurvey.co.uk/xml/codelists/localtype.xml#village,,,,North Yorkshire,http://data.ordnancesurvey.co.uk/id/7000000000183627,http://data.ordnancesurvey.co.uk/ontology/admingeo/UnitaryAuthority,Yorkshire and the Humber,http://data.ordnancesurvey.co.uk/id/7000000000041430,England,http://data.ordnancesurvey.co.uk/id/country/england,,,
HG35RQ,http://data.ordnancesurvey.co.uk/id/postcodeunit/HG35RQ,HG3 5RQ,,,,other,Postcode,410802,472209,3500,18000,,,,,,,,,,,,,North Yorkshire,http://data.ordnancesurvey.co.uk/id/7000000000183627,http://data.ordnancesurvey.co.uk/ontology/admingeo/UnitaryAuthority,Yorkshire and the Humber,http://data.ordnancesurvey.co.uk/id/7000000000041430,England,http://data.ordnancesurvey.co.uk/id/country/england,,,
HG35LQ,http://data.ordnancesurvey.co.uk/id/postcodeunit/HG35LQ,HG3 5LQ,,,,other,Postcode,415904,465824,3500,18000,,,,,,,Pateley Bridge,http://data.ordnancesurvey.co.uk/id/4000000074546010,http://www.ordnancesurvey.co.uk/xml/codelists/localtype.xml#town,,,,North Yorkshire,http://data.ordnancesurvey.co.uk/id/7000000000183627,http://data.ordnancesurvey.co.uk/ontology/admingeo/UnitaryAuthority,Yorkshire and the Humber,http://data.ordnancesurvey.co.uk/id/7000000000041430,England,http://data.ordnancesurvey.co.uk/id/country/england,,,
HG35SU,http://data.ordnancesurvey.co.uk/id/postcodeunit/HG35SU,HG3 5SU,,,,other,Postcode,409297,474740,3500,18000,,,,,,,,,,,,,North Yorkshire,http://data.ordnancesurvey.co.uk/id/7000000000183627,http://data.ordnancesurvey.co.uk/ontology/admingeo/UnitaryAuthority,Yorkshire and the Humber,http://data.ordnancesurvey.co.uk/id/7000000000041430,England,http://data.ordnancesurvey.co.uk/id/country/england,,,
HG35NZ,http://data.ordnancesurvey.co.uk/id/postcodeunit/HG35NZ,HG3 5NZ,,,,other,Postcode,415951,465851,3500,18000,,,,,,,Pateley Bridge,http://data.ordnancesurvey.co.uk/id/4000000074546010,http://www.ordnancesurvey.co.uk/xml/codelists/localtype.xml#town,,,,North Yorkshire,http://data.ordnancesurvey.co.uk/id/7000000000183627,http://data.ordnancesurvey.co.uk/ontology/admingeo/UnitaryAuthority,Yorkshire and the Humber,http://data.ordnancesurvey.co.uk/id/7000000000041430,England,http://data.ordnancesurvey.co.uk/id/country/england,,,
HG35QP,http://data.ordnancesurvey.co.uk/id/postcodeunit/HG35QP,HG3 5QP,,,,other,Postcode,417197,464599,3500,18000,,,,,,,Glasshouses,http://data.ordnancesurvey.co.uk/id/4000000074546007,http://www.ordnancesurvey.co.uk/xml/codelists/localtype.xml#village,,,,North Yorkshire,http://data.ordnancesurvey.co.uk/id/7000000000183627,http://data.ordnancesurvey.co.uk/ontology/admingeo/UnitaryAuthority,Yorkshire and the Humber,http://data.ordnancesurvey.co.uk/id/7000000000041430,England,http://data.ordnancesurvey.co.uk/id/country/england,,,
HG35DP,http://data.ordnancesurvey.co.uk/id/postcodeunit/HG35DP,HG3 5DP,,,,other,Postcode,417703,465150,3500,18000,,,,,,,Blazefield,http://data.ordnancesurvey.co.uk/id/4000000074546008,http://www.ordnancesurvey.co.uk/xml/codelists/localtype.xml#hamlet,,,,North Yorkshire,http://data.ordnancesurvey.co.uk/id/7000000000183627,http://data.ordnancesurvey.co.uk/ontology/admingeo/UnitaryAuthority,Yorkshire and the Humber,http://data.ordnancesurvey.co.uk/id/7000000000041430,England,http://data.ordnancesurvey.co.uk/id/country/england,,,
HG34ES,http://data.ordnancesurvey.co.uk/id/postcodeunit/HG34ES,HG3 4ES,,,,other,Postcode,419243,460813,3500,18000,,,,,,,Dacre,http://data.ordnancesurvey.co.uk/id/4000000074545999,http://www.ordnancesurvey.co.uk/xml/codelists/localtype.xml#village,,,,North Yorkshire,http://data.ordnancesurvey.co.uk/id/7000000000183627,http://data.ordnancesurvey.co.uk/ontology/admingeo/UnitaryAuthority,Yorkshire and the Humber,http://data.ordnancesurvey.co.uk/id/7000000000041430,England,http://data.ordnancesurvey.co.uk/id/country/england,,,
BD235DH,http://data.ordnancesurvey.co.uk/id/postcodeunit/BD235DH,BD23 5DH,,,,other,Postcode,402498,463252,3500,18000,,,,,,,Hebden,http://data.ordnancesurvey.co.uk/id/4000000074547511,http://www.ordnancesurvey.co.uk/xml/codelists/localtype.xml#village,,,,North Yorkshire,http://data.ordnancesurvey.co.uk/id/7000000000183627,http://data.ordnancesurvey.co.uk/ontology/admingeo/UnitaryAuthority,Yorkshire and the Humber,http://data.ordnancesurvey.co.uk/id/7000000000041430,England,http://data.ordnancesurvey.co.uk/id/country/england,,,
HG43RB,http://data.ordnancesurvey.co.uk/id/postcodeunit/HG43RB,HG4 3RB,,,,other,Postcode,419323,471582,3500,18000,,,,,,,,,,,,,North Yorkshire,http://data.ordnancesurvey.co.uk/id/7000000000183627,http://data.ordnancesurvey.co.uk/ontology/admingeo/UnitaryAuthority,Yorkshire and the Humber,http://data.ordnancesurvey.co.uk/id/7000000000041430,England,http://data.ordnancesurvey.co.uk/id/country/england,,,
HG34FA,http://data.ordnancesurvey.co.uk/id/postcodeunit/HG34FA,HG3 4FA,,,,other,Postcode,419496,462080,3500,18000,,,,,,,Dacre Banks,http://data.ordnancesurvey.co.uk/id/4000000074546000,http://www.ordnancesurvey.co.uk/xml/codelists/localtype.xml#village,,,,North Yorkshire,http://data.ordnancesurvey.co.uk/id/7000000000183627,http://data.ordnancesurvey.co.uk/ontology/admingeo/UnitaryAuthority,Yorkshire and the Humber,http://data.ordnancesurvey.co.uk/id/7000000000041430,England,http://data.ordnancesurvey.co.uk/id/country/england,,,
HG35TA,http://data.ordnancesurvey.co.uk/id/postcodeunit/HG35TA,HG3 5TA,,,,other,Postcode,407693,474369,3500,18000,,,,,,,,,,,,,North Yorkshire,http://data.ordnancesurvey.co.uk/id/7000000000183627,http://data.ordnancesurvey.co.uk/ontology/admingeo/UnitaryAuthority,Yorkshire and the Humber,http://data.ordnancesurvey.co.uk/id/7000000000041430,England,http://data.ordnancesurvey.co.uk/id/country/england,,,
HG34FB,http://data.ordnancesurvey.co.uk/id/postcodeunit/HG34FB,HG3 4FB,,,,other,Postcode,413098,461414,3500,18000,,,,,,,,,,,,,North Yorkshire,http://data.ordnancesurvey.co.uk/id/7000000000183627,http://data.ordnancesurvey.co.uk/ontology/admingeo/UnitaryAuthority,Yorkshire and the Humber,http://data.ordnancesurvey.co.uk/id/7000000000041430,England,http://data.ordnancesurvey.co.uk/id/country/england,,,
HG34EQ,http://data.ordnancesurvey.co.uk/id/postcodeunit/HG34EQ,HG3 4EQ,,,,other,Postcode,419693,462022,3500,18000,,,,,,,Dacre Banks,http://data.ordnancesurvey.co.uk/id/4000000074546000,http://www.ordnancesurvey.co.uk/xml/codelists/localtype.xml#village,,,,North Yorkshire,http://data.ordnancesurvey.co.uk/id/7000000000183627,http://data.ordnancesurvey.co.uk/ontology/admingeo/UnitaryAuthority,Yorkshire and the Humber,http://data.ordnancesurvey.co.uk/id/7000000000041430,England,http://data.ordnancesurvey.co.uk/id/country/england,,,
HG35EB,http://data.ordnancesurvey.co.uk/id/postcodeunit/HG35EB,HG3 5EB,,,,other,Postcode,418246,464542,3500,18000,,,,,,,Wilsill,http://data.ordnancesurvey.co.uk/id/4000000074546006,http://www.ordnancesurvey.co.uk/xml/codelists/localtype.xml#village,,,,North Yorkshire,http://data.ordnancesurvey.co.uk/id/7000000000183627,http://data.ordnancesurvey.co.uk/ontology/admingeo/UnitaryAuthority,Yorkshire and the Humber,http://data.ordnancesurvey.co.uk/id/7000000000041430,England,http://data.ordnancesurvey.co.uk/id/country/england,,,
HG44JY,http://data.ordnancesurvey.co.uk/id/postcodeunit/HG44JY,HG4 4JY,,,,other,Postcode,418972,478405,3500,18000,,,,,,,Ilton,http://data.ordnancesurvey.co.uk/id/4000000074547763,http://www.ordnancesurvey.co.uk/xml/codelists/localtype.xml#hamlet,,,,North Yorkshire,http://data.ordnancesurvey.co.uk/id/7000000000183627,http://data.ordnancesurvey.co.uk/ontology/admingeo/UnitaryAuthority,Yorkshire and the Humber,http://data.ordnancesurvey.co.uk/id/7000000000041430,England,http://data.ordnancesurvey.co.uk/id/country/england,,,
HG35DH,http://data.ordnancesurvey.co.uk/id/postcodeunit/HG35DH,HG3 5DH,,,,other,Postcode,417269,464823,3500,18000,,,,,,,,,,,,,North Yorkshire,http://data.ordnancesurvey.co.uk/id/7000000000183627,http://data.ordnancesurvey.co.uk/ontology/admingeo/UnitaryAuthority,Yorkshire and the Humber,http://data.ordnancesurvey.co.uk/id/7000000000041430,England,http://data.ordnancesurvey.co.uk/id/country/england,,,
HG35AH,http://data.ordnancesurvey.co.uk/id/postcodeunit/HG35AH,HG3 5AH,,,,other,Postcode,417213,464365,3500,18000,,,,,,,Glasshouses,http://data.ordnancesurvey.co.uk/id/4000000074546007,http://www.ordnancesurvey.co.uk/xml/codelists/localtype.xml#village,,,,North Yorkshire,http://data.ordnancesurvey.co.uk/id/7000000000183627,http://data.ordnancesurvey.co.uk/ontology/admingeo/UnitaryAuthority,Yorkshire and the Humber,http://data.ordnancesurvey.co.uk/id/7000000000041430,England,http://data.ordnancesurvey.co.uk/id/country/england,,,
BD235AZ,http://data.ordnancesurvey.co.uk/id/postcodeunit/BD235AZ,BD23 5AZ,,,,other,Postcode,400351,464271,3500,18000,,,,,,,Grassington,http://data.ordnancesurvey.co.uk/id/4000000074564363,http://www.ordnancesurvey.co.uk/xml/codelists/localtype.xml#village,,,,North Yorkshire,http://data.ordnancesurvey.co.uk/id/7000000000183627,http://data.ordnancesurvey.co.uk/ontology/admingeo/UnitaryAuthority,Yorkshire and the Humber,http://data.ordnancesurvey.co.uk/id/7000000000041430,England,http://data.ordnancesurvey.co.uk/id/country/england,,,
HG35BA,http://data.ordnancesurvey.co.uk/id/postcodeunit/HG35BA,HG3 5BA,,,,other,Postcode,415619,465606,3500,18000,,,,,,,Pateley Bridge,http://data.ordnancesurvey.co.uk/id/4000000074546010,http://www.ordnancesurvey.co.uk/xml/codelists/localtype.xml#town,,,,North Yorkshire,http://data.ordnancesurvey.co.uk/id/7000000000183627,http://data.ordnancesurvey.co.uk/ontology/admingeo/UnitaryAuthority,Yorkshire and the Humber,http://data.ordnancesurvey.co.uk/id/7000000000041430,England,http://data.ordnancesurvey.co.uk/id/country/england,,,
BD236DF,http://data.ordnancesurvey.co.uk/id/postcodeunit/BD236DF,BD23 6DF,,,,other,Postcode,406594,460376,3500,18000,,,,,,,Skyreholme,http://data.ordnancesurvey.co.uk/id/4000000074547500,http://www.ordnancesurvey.co.uk/xml/codelists/localtype.xml#hamlet,,,,North Yorkshire,http://data.ordnancesurvey.co.uk/id/7000000000183627,http://data.ordnancesurvey.co.uk/ontology/admingeo/UnitaryAuthority,Yorkshire and the Humber,http://data.ordnancesurvey.co.uk/id/7000000000041430,England,http://data.ordnancesurvey.co.uk/id/country/england,,,
HG35PQ,http://data.ordnancesurvey.co.uk/id/postcodeunit/HG35PQ,HG3 5PQ,,,,other,Postcode,415454,466594,3500,18000,,,,,,,Silver Hill,http://data.ordnancesurvey.co.uk/id/4000000074547285,http://www.ordnancesurvey.co.uk/xml/codelists/localtype.xml#hamlet,,,,North Yorkshire,http://data.ordnancesurvey.co.uk/id/7000000000183627,http://data.ordnancesurvey.co.uk/ontology/admingeo/UnitaryAuthority,Yorkshire and the Humber,http://data.ordnancesurvey.co.uk/id/7000000000041430,England,http://data.ordnancesurvey.co.uk/id/country/england,,,
HG35NU,http://data.ordnancesurvey.co.uk/id/postcodeunit/HG35NU,HG3 5NU,,,,other,Postcode,416097,465592,3500,18000,,,,,,,Pateley Bridge,http://data.ordnancesurvey.co.uk/id/4000000074546010,http://www.ordnancesurvey.co.uk/xml/codelists/localtype.xml#town,,,,North Yorkshire,http://data.ordnancesurvey.co.uk/id/7000000000183627,http://data.ordnancesurvey.co.uk/ontology/admingeo/UnitaryAuthority,Yorkshire and the Humber,http://data.ordnancesurvey.co.uk/id/7000000000041430,England,http://data.ordnancesurvey.co.uk/id/country/england,,,
HG35SP,http://data.ordnancesurvey.co.uk/id/postcodeunit/HG35SP,HG3 5SP,,,,other,Postcode,409620,477178,3500,18000,,,,,,,,,,,,,North Yorkshire,http://data.ordnancesurvey.co.uk/id/7000000000183627,http://data.ordnancesurvey.co.uk/ontology/admingeo/UnitaryAuthority,Yorkshire and the Humber,http://data.ordnancesurvey.co.uk/id/7000000000041430,England,http://data.ordnancesurvey.co.uk/id/country/england,,,
HG35QZ,http://data.ordnancesurvey.co.uk/id/postcodeunit/HG35QZ,HG3 5QZ,,,,other,Postcode,417569,464667,3500,18000,,,,,,,Glasshouses,http://data.ordnancesurvey.co.uk/id/4000000074546007,http://www.ordnancesurvey.co.uk/xml/codelists/localtype.xml#village,,,,North Yorkshire,http://data.ordnancesurvey.co.uk/id/7000000000183627,http://data.ordnancesurvey.co.uk/ontology/admingeo/UnitaryAuthority,Yorkshire and the Humber,http://data.ordnancesurvey.co.uk/id/7000000000041430,England,http://data.ordnancesurvey.co.uk/id/country/england,,,
BD235BL,http://data.ordnancesurvey.co.uk/id/postcodeunit/BD235BL,BD23 5BL,,,,other,Postcode,400136,464455,3500,18000,,,,,,,Grassington,http://data.ordnancesurvey.co.uk/id/4000000074564363,http://www.ordnancesurvey.co.uk/xml/codelists/localtype.xml#village,,,,North Yorkshire,http://data.ordnancesurvey.co.uk/id/7000000000183627,http://data.ordnancesurvey.co.uk/ontology/admingeo/UnitaryAuthority,Yorkshire and the Humber,http://data.ordnancesurvey.co.uk/id/7000000000041430,England,http://data.ordnancesurvey.co.uk/id/country/england,,,
HG35QJ,http://data.ordnancesurvey.co.uk/id/postcodeunit/HG35QJ,HG3 5QJ,,,,other,Postcode,417341,464382,3500,18000,,,,,,,Glasshouses,http://data.ordnancesurvey.co.uk/id/4000000074546007,http://www.ordnancesurvey.co.uk/xml/codelists/localtype.xml#village,,,,North Yorkshire,http://data.ordnancesurvey.co.uk/id/7000000000183627,http://data.ordnancesurvey.co.uk/ontology/admingeo/UnitaryAuthority,Yorkshire and the Humber,http://data.ordnancesurvey.co.uk/id/7000000000041430,England,http://data.ordnancesurvey.co.uk/id/country/england,,,
HG35HX,http://data.ordnancesurvey.co.uk/id/postcodeunit/HG35HX,HG3 5HX,,,,other,Postcode,415776,464737,3500,18000,,,,,,,Bewerley,http://data.ordnancesurvey.co.uk/id/4000000074546009,http://www.ordnancesurvey.co.uk/xml/codelists/localtype.xml#village,,,,North Yorkshire,http://data.ordnancesurvey.co.uk/id/7000000000183627,http://data.ordnancesurvey.co.uk/ontology/admingeo/UnitaryAuthority,Yorkshire and the Humber,http://data.ordnancesurvey.co.uk/id/7000000000041430,England,http://data.ordnancesurvey.co.uk/id/country/england,,,
HG34EP,http://data.ordnancesurvey.co.uk/id/postcodeunit/HG34EP,HG3 4EP,,,,other,Postcode,419583,461712,3500,18000,,,,,,,Dacre Banks,http://data.ordnancesurvey.co.uk/id/4000000074546000,http://www.ordnancesurvey.co.uk/xml/codelists/localtype.xml#village,,,,North Yorkshire,http://data.ordnancesurvey.co.uk/id/7000000000183627,http://data.ordnancesurvey.co.uk/ontology/admingeo/UnitaryAuthority,Yorkshire and the Humber,http://data.ordnancesurvey.co.uk/id/7000000000041430,England,http://data.ordnancesurvey.co.uk/id/country/england,,,
BD235DS,http://data.ordnancesurvey.co.uk/id/postcodeunit/BD235DS,BD23 5DS,,,,other,Postcode,402610,463086,3500,18000,,,,,,,Hebden,http://data.ordnancesurvey.co.uk/id/4000000074547511,http://www.ordnancesurvey.co.uk/xml/codelists/localtype.xml#village,,,,North Yorkshire,http://data.ordnancesurvey.co.uk/id/7000000000183627,http://data.ordnancesurvey.co.uk/ontology/admingeo/UnitaryAuthority,Yorkshire and the Humber,http://data.ordnancesurvey.co.uk/id/7000000000041430,England,http://data.ordnancesurvey.co.uk/id/country/england,,,
BD235BG,http://data.ordnancesurvey.co.uk/id/postcodeunit/BD235BG,BD23 5BG,,,,other,Postcode,400291,464251,3500,18000,,,,,,,Grassington,http://data.ordnancesurvey.co.uk/id/4000000074564363,http://www.ordnancesurvey.co.uk/xml/codelists/localtype.xml#village,,,,North Yorkshire,http://data.ordnancesurvey.co.uk/id/7000000000183627,http://data.ordnancesurvey.co.uk/ontology/admingeo/UnitaryAuthority,Yorkshire and the Humber,http://data.ordnancesurvey.co.uk/id/7000000000041430,England,http://data.ordnancesurvey.co.uk/id/country/england,,,
BD235LQ,http://data.ordnancesurvey.co.uk/id/postcodeunit/BD235LQ,BD23 5LQ,,,,other,Postcode,400269,463608,3500,18000,,,,,,,Grassington,http://data.ordnancesurvey.co.uk/id/4000000074564363,http://www.ordnancesurvey.co.uk/xml/codelists/localtype.xml#village,,,,North Yorkshire,http://data.ordnancesurvey.co.uk/id/7000000000183627,http://data.ordnancesurvey.co.uk/ontology/admingeo/UnitaryAuthority,Yorkshire and the Humber,http://data.ordnancesurvey.co.uk/id/7000000000041430,England,http://data.ordnancesurvey.co.uk/id/country/england,,,
HG35HR,http://data.ordnancesurvey.co.uk/id/postcodeunit/HG35HR,HG3 5HR,,,,other,Postcode,415562,465040,3500,18000,,,,,,,Bewerley,http://data.ordnancesurvey.co.uk/id/4000000074546009,http://www.ordnancesurvey.co.uk/xml/codelists/localtype.xml#village,,,,North Yorkshire,http://data.ordnancesurvey.co.uk/id/7000000000183627,http://data.ordnancesurvey.co.uk/ontology/admingeo/UnitaryAuthority,Yorkshire and the Humber,http://data.ordnancesurvey.co.uk/id/7000000000041430,England,http://data.ordnancesurvey.co.uk/id/country/england,,,
BD235DD,http://data.ordnancesurvey.co.uk/id/postcodeunit/BD235DD,BD23 5DD,,,,other,Postcode,402475,463097,3500,18000,,,,,,,Hebden,http://data.ordnancesurvey.co.uk/id/4000000074547511,http://www.ordnancesurvey.co.uk/xml/codelists/localtype.xml#village,,,,North Yorkshire,http://data.ordnancesurvey.co.uk/id/7000000000183627,http://data.ordnancesurvey.co.uk/ontology/admingeo/UnitaryAuthority,Yorkshire and the Humber,http://data.ordnancesurvey.co.uk/id/7000000000041430,England,http://data.ordnancesurvey.co.uk/id/country/england,,,
HG34EH,http://data.ordnancesurvey.co.uk/id/postcodeunit/HG34EH,HG3 4EH,,,,other,Postcode,419680,462028,3500,18000,,,,,,,Dacre Banks,http://data.ordnancesurvey.co.uk/id/4000000074546000,http://www.ordnancesurvey.co.uk/xml/codelists/localtype.xml#village,,,,North Yorkshire,http://data.ordnancesurvey.co.uk/id/7000000000183627,http://data.ordnancesurvey.co.uk/ontology/admingeo/UnitaryAuthority,Yorkshire and the Humber,http://data.ordnancesurvey.co.uk/id/7000000000041430,England,http://data.ordnancesurvey.co.uk/id/country/england,,,
BD236FE,http://data.ordnancesurvey.co.uk/id/postcodeunit/BD236FE,BD23 6FE,,,,other,Postcode,401207,462140,3500,18000,,,,,,,,,,,,,North Yorkshire,http://data.ordnancesurvey.co.uk/id/7000000000183627,http://data.ordnancesurvey.co.uk/ontology/admingeo/UnitaryAuthority,Yorkshire and the Humber,http://data.ordnancesurvey.co.uk/id/7000000000041430,England,http://data.ordnancesurvey.co.uk/id/country/england,,,
HG35SB,http://data.ordnancesurvey.co.uk/id/postcodeunit/HG35SB,HG3 5SB,,,,other,Postcode,410239,473311,3500,18000,,,,,,,Lofthouse,http://data.ordnancesurvey.co.uk/id/4000000074545785,http://www.ordnancesurvey.co.uk/xml/codelists/localtype.xml#village,,,,North Yorkshire,http://data.ordnancesurvey.co.uk/id/7000000000183627,http://data.ordnancesurvey.co.uk/ontology/admingeo/UnitaryAuthority,Yorkshire and the Humber,http://data.ordnancesurvey.co.uk/id/7000000000041430,England,http://data.ordnancesurvey.co.uk/id/country/england,,,
HG35QL,http://data.ordnancesurvey.co.uk/id/postcodeunit/HG35QL,HG3 5QL,,,,other,Postcode,417097,464427,3500,18000,,,,,,,Glasshouses,http://data.ordnancesurvey.co.uk/id/4000000074546007,http://www.ordnancesurvey.co.uk/xml/codelists/localtype.xml#village,,,,North Yorkshire,http://data.ordnancesurvey.co.uk/id/7000000000183627,http://data.ordnancesurvey.co.uk/ontology/admingeo/UnitaryAuthority,Yorkshire and the Humber,http://data.ordnancesurvey.co.uk/id/7000000000041430,England,http://data.ordnancesurvey.co.uk/id/country/england,,,
BD235AB,http://data.ordnancesurvey.co.uk/id/postcodeunit/BD235AB,BD23 5AB,,,,other,Postcode,400255,464107,3500,18000,,,,,,,Grassington,http://data.ordnancesurvey.co.uk/id/4000000074564363,http://www.ordnancesurvey.co.uk/xml/codelists/localtype.xml#village,,,,North Yorkshire,http://data.ordnancesurvey.co.uk/id/7000000000183627,http://data.ordnancesurvey.co.uk/ontology/admingeo/UnitaryAuthority,Yorkshire and the Humber,http://data.ordnancesurvey.co.uk/id/7000000000041430,England,http://data.ordnancesurvey.co.uk/id/country/england,,,
HG35SA,http://data.ordnancesurvey.co.uk/id/postcodeunit/HG35SA,HG3 5SA,,,,other,Postcode,410157,473521,3500,18000,,,,,,,Lofthouse,http://data.ordnancesurvey.co.uk/id/4000000074545785,http://www.ordnancesurvey.co.uk/xml/codelists/localtype.xml#village,,,,North Yorkshire,http://data.ordnancesurvey.co.uk/id/7000000000183627,http://data.ordnancesurvey.co.uk/ontology/admingeo/UnitaryAuthority,Yorkshire and the Humber,http://data.ordnancesurvey.co.uk/id/7000000000041430,England,http://data.ordnancesurvey.co.uk/id/country/england,,,
HG34EL,http://data.ordnancesurvey.co.uk/id/postcodeunit/HG34EL,HG3 4EL,,,,other,Postcode,419617,461961,3500,18000,,,,,,,Dacre Banks,http://data.ordnancesurvey.co.uk/id/4000000074546000,http://www.ordnancesurvey.co.uk/xml/codelists/localtype.xml#village,,,,North Yorkshire,http://data.ordnancesurvey.co.uk/id/7000000000183627,http://data.ordnancesurvey.co.uk/ontology/admingeo/UnitaryAuthority,Yorkshire and the Humber,http://data.ordnancesurvey.co.uk/id/7000000000041430,England,http://data.ordnancesurvey.co.uk/id/country/england,,,
HG35SN,http://data.ordnancesurvey.co.uk/id/postcodeunit/HG35SN,HG3 5SN,,,,other,Postcode,409686,476338,3500,18000,,,,,,,,,,,,,North Yorkshire,http://data.ordnancesurvey.co.uk/id/7000000000183627,http://data.ordnancesurvey.co.uk/ontology/admingeo/UnitaryAuthority,Yorkshire and the Humber,http://data.ordnancesurvey.co.uk/id/7000000000041430,England,http://data.ordnancesurvey.co.uk/id/country/england,,,
HG35HA,http://data.ordnancesurvey.co.uk/id/postcodeunit/HG35HA,HG3 5HA,,,,other,Postcode,415462,465096,3500,18000,,,,,,,,,,,,,North Yorkshire,http://data.ordnancesurvey.co.uk/id/7000000000183627,http://data.ordnancesurvey.co.uk/ontology/admingeo/UnitaryAuthority,Yorkshire and the Humber,http://data.ordnancesurvey.co.uk/id/7000000000041430,England,http://data.ordnancesurvey.co.uk/id/country/england,,,
HG35QN,http://data.ordnancesurvey.co.uk/id/postcodeunit/HG35QN,HG3 5QN,,,,other,Postcode,417118,464480,3500,18000,,,,,,,Glasshouses,http://data.ordnancesurvey.co.uk/id/4000000074546007,http://www.ordnancesurvey.co.uk/xml/codelists/localtype.xml#village,,,,North Yorkshire,http://data.ordnancesurvey.co.uk/id/7000000000183627,http://data.ordnancesurvey.co.uk/ontology/admingeo/UnitaryAuthority,Yorkshire and the Humber,http://data.ordnancesurvey.co.uk/id/7000000000041430,England,http://data.ordnancesurvey.co.uk/id/country/england,,,
BD235BX,http://data.ordnancesurvey.co.uk/id/postcodeunit/BD235BX,BD23 5BX,,,,other,Postcode,400694,463220,3500,18000,,,,,,,,,,,,,North Yorkshire,http://data.ordnancesurvey.co.uk/id/7000000000183627,http://data.ordnancesurvey.co.uk/ontology/admingeo/UnitaryAuthority,Yorkshire and the Humber,http://data.ordnancesurvey.co.uk/id/7000000000041430,England,http://data.ordnancesurvey.co.uk/id/country/england,,,
HG32QH,http://data.ordnancesurvey.co.uk/id/postcodeunit/HG32QH,HG3 2QH,,,,other,Postcode,419298,460165,3500,18000,,,,,,,,,,,,,North Yorkshire,http://data.ordnancesurvey.co.uk/id/7000000000183627,http://data.ordnancesurvey.co.uk/ontology/admingeo/UnitaryAuthority,Yorkshire and the Humber,http://data.ordnancesurvey.co.uk/id/7000000000041430,England,http://data.ordnancesurvey.co.uk/id/country/england,,,
BD235DN,http://data.ordnancesurvey.co.uk/id/postcodeunit/BD235DN,BD23 5DN,,,,other,Postcode,402008,464786,3500,18000,,,,,,,,,,,,,North Yorkshire,http://data.ordnancesurvey.co.uk/id/7000000000183627,http://data.ordnancesurvey.co.uk/ontology/admingeo/UnitaryAuthority,Yorkshire and the Humber,http://data.ordnancesurvey.co.uk/id/7000000000041430,England,http://data.ordnancesurvey.co.uk/id/country/england,,,
HG34JJ,http://data.ordnancesurvey.co.uk/id/postcodeunit/HG34JJ,HG3 4JJ,,,,other,Postcode,419993,462765,3500,18000,,,,,,,Summerbridge,http://data.ordnancesurvey.co.uk/id/4000000074545779,http://www.ordnancesurvey.co.uk/xml/codelists/localtype.xml#village,,,,North Yorkshire,http://data.ordnancesurvey.co.uk/id/7000000000183627,http://data.ordnancesurvey.co.uk/ontology/admingeo/UnitaryAuthority,Yorkshire and the Humber,http://data.ordnancesurvey.co.uk/id/7000000000041430,England,http://data.ordnancesurvey.co.uk/id/country/england,,,
HG35JY,http://data.ordnancesurvey.co.uk/id/postcodeunit/HG35JY,HG3 5JY,,,,other,Postcode,415833,465714,3500,18000,,,,,,,Pateley Bridge,http://data.ordnancesurvey.co.uk/id/4000000074546010,http://www.ordnancesurvey.co.uk/xml/codelists/localtype.xml#town,,,,North Yorkshire,http://data.ordnancesurvey.co.uk/id/7000000000183627,http://data.ordnancesurvey.co.uk/ontology/admingeo/UnitaryAuthority,Yorkshire and the Humber,http://data.ordnancesurvey.co.uk/id/7000000000041430,England,http://data.ordnancesurvey.co.uk/id/country/england,,,
HG35EW,http://data.ordnancesurvey.co.uk/id/postcodeunit/HG35EW,HG3 5EW,,,,other,Postcode,418118,465740,3500,18000,,,,,,,,,,,,,North Yorkshire,http://data.ordnancesurvey.co.uk/id/7000000000183627,http://data.ordnancesurvey.co.uk/ontology/admingeo/UnitaryAuthority,Yorkshire and the Humber,http://data.ordnancesurvey.co.uk/id/7000000000041430,England,http://data.ordnancesurvey.co.uk/id/country/england,,,
HG35QG,http://data.ordnancesurvey.co.uk/id/postcodeunit/HG35QG,HG3 5QG,,,,other,Postcode,417103,464260,3500,18000,,,,,,,,,,,,,North Yorkshire,http://data.ordnancesurvey.co.uk/id/7000000000183627,http://data.ordnancesurvey.co.uk/ontology/admingeo/UnitaryAuthority,Yorkshire and the Humber,http://data.ordnancesurvey.co.uk/id/7000000000041430,England,http://data.ordnancesurvey.co.uk/id/country/england,,,
HG34EY,http://data.ordnancesurvey.co.uk/id/postcodeunit/HG34EY,HG3 4EY,,,,other,Postcode,417143,460845,3500,18000,,,,,,,,,,,,,North Yorkshire,http://data.ordnancesurvey.co.uk/id/7000000000183627,http://data.ordnancesurvey.co.uk/ontology/admingeo/UnitaryAuthority,Yorkshire and the Humber,http://data.ordnancesurvey.co.uk/id/7000000000041430,England,http://data.ordnancesurvey.co.uk/id/country/england,,,
HG35QS,http://data.ordnancesurvey.co.uk/id/postcodeunit/HG35QS,HG3 5QS,,,,other,Postcode,417266,464575,3500,18000,,,,,,,Glasshouses,http://data.ordnancesurvey.co.uk/id/4000000074546007,http://www.ordnancesurvey.co.uk/xml/codelists/localtype.xml#village,,,,North Yorkshire,http://data.ordnancesurvey.co.uk/id/7000000000183627,http://data.ordnancesurvey.co.uk/ontology/admingeo/UnitaryAuthority,Yorkshire and the Humber,http://data.ordnancesurvey.co.uk/id/7000000000041430,England,http://data.ordnancesurvey.co.uk/id/country/england,,,
BD235DJ,http://data.ordnancesurvey.co.uk/id/postcodeunit/BD235DJ,BD23 5DJ,,,,other,Postcode,402519,463228,3500,18000,,,,,,,Hebden,http://data.ordnancesurvey.co.uk/id/4000000074547511,http://www.ordnancesurvey.co.uk/xml/codelists/localtype.xml#village,,,,North Yorkshire,http://data.ordnancesurvey.co.uk/id/7000000000183627,http://data.ordnancesurvey.co.uk/ontology/admingeo/UnitaryAuthority,Yorkshire and the Humber,http://data.ordnancesurvey.co.uk/id/7000000000041430,England,http://data.ordnancesurvey.co.uk/id/country/england,,,
HG34HD,http://data.ordnancesurvey.co.uk/id/postcodeunit/HG34HD,HG3 4HD,,,,other,Postcode,417248,461809,3500,18000,,,,,,,Heyshaw,http://data.ordnancesurvey.co.uk/id/4000000074546005,http://www.ordnancesurvey.co.uk/xml/codelists/localtype.xml#hamlet,,,,North Yorkshire,http://data.ordnancesurvey.co.uk/id/7000000000183627,http://data.ordnancesurvey.co.uk/ontology/admingeo/UnitaryAuthority,Yorkshire and the Humber,http://data.ordnancesurvey.co.uk/id/7000000000041430,England,http://data.ordnancesurvey.co.uk/id/country/england,,,
BD235DT,http://data.ordnancesurvey.co.uk/id/postcodeunit/BD235DT,BD23 5DT,,,,other,Postcode,402575,463051,3500,18000,,,,,,,Hebden,http://data.ordnancesurvey.co.uk/id/4000000074547511,http://www.ordnancesurvey.co.uk/xml/codelists/localtype.xml#village,,,,North Yorkshire,http://data.ordnancesurvey.co.uk/id/7000000000183627,http://data.ordnancesurvey.co.uk/ontology/admingeo/UnitaryAuthority,Yorkshire and the Humber,http://data.ordnancesurvey.co.uk/id/7000000000041430,England,http://data.ordnancesurvey.co.uk/id/country/england,,,
BD235BY,http://data.ordnancesurvey.co.uk/id/postcodeunit/BD235BY,BD23 5BY,,,,other,Postcode,400931,463428,3500,18000,,,,,,,,,,,,,North Yorkshire,http://data.ordnancesurvey.co.uk/id/7000000000183627,http://data.ordnancesurvey.co.uk/ontology/admingeo/UnitaryAuthority,Yorkshire and the Humber,http://data.ordnancesurvey.co.uk/id/7000000000041430,England,http://data.ordnancesurvey.co.uk/id/country/england,,,
HG35BD,http://data.ordnancesurvey.co.uk/id/postcodeunit/HG35BD,HG3 5BD,,,,other,Postcode,415717,465451,3500,18000,,,,,,,Pateley Bridge,http://data.ordnancesurvey.co.uk/id/4000000074546010,http://www.ordnancesurvey.co.uk/xml/codelists/localtype.xml#town,,,,North Yorkshire,http://data.ordnancesurvey.co.uk/id/7000000000183627,http://data.ordnancesurvey.co.uk/ontology/admingeo/UnitaryAuthority,Yorkshire and the Humber,http://data.ordnancesurvey.co.uk/id/7000000000041430,England,http://data.ordnancesurvey.co.uk/id/country/england,,,
HG35RJ,http://data.ordnancesurvey.co.uk/id/postcodeunit/HG35RJ,HG3 5RJ,,,,other,Postcode,412055,470619,3500,18000,,,,,,,,,,,,,North Yorkshire,http://data.ordnancesurvey.co.uk/id/7000000000183627,http://data.ordnancesurvey.co.uk/ontology/admingeo/UnitaryAuthority,Yorkshire and the Humber,http://data.ordnancesurvey.co.uk/id/7000000000041430,England,http://data.ordnancesurvey.co.uk/id/country/england,,,
HG34EN,http://data.ordnancesurvey.co.uk/id/postcodeunit/HG34EN,HG3 4EN,,,,other,Postcode,419695,461916,3500,18000,,,,,,,Dacre Banks,http://data.ordnancesurvey.co.uk/id/4000000074546000,http://www.ordnancesurvey.co.uk/xml/codelists/localtype.xml#village,,,,North Yorkshire,http://data.ordnancesurvey.co.uk/id/7000000000183627,http://data.ordnancesurvey.co.uk/ontology/admingeo/UnitaryAuthority,Yorkshire and the Humber,http://data.ordnancesurvey.co.uk/id/7000000000041430,England,http://data.ordnancesurvey.co.uk/id/country/england,,,
HG35RN,http://data.ordnancesurvey.co.uk/id/postcodeunit/HG35RN,HG3 5RN,,,,other,Postcode,411815,471003,3500,18000,,,,,,,Ramsgill,http://data.ordnancesurvey.co.uk/id/4000000074545789,http://www.ordnancesurvey.co.uk/xml/codelists/localtype.xml#hamlet,,,,North Yorkshire,http://data.ordnancesurvey.co.uk/id/7000000000183627,http://data.ordnancesurvey.co.uk/ontology/admingeo/UnitaryAuthority,Yorkshire and the Humber,http://data.ordnancesurvey.co.uk/id/7000000000041430,England,http://data.ordnancesurvey.co.uk/id/country/england,,,
HG35BU,http://data.ordnancesurvey.co.uk/id/postcodeunit/HG35BU,HG3 5BU,,,,other,Postcode,414087,466196,3500,18000,,,,,,,,,,,,,North Yorkshire,http://data.ordnancesurvey.co.uk/id/7000000000183627,http://data.ordnancesurvey.co.uk/ontology/admingeo/UnitaryAuthority,Yorkshire and the Humber,http://data.ordnancesurvey.co.uk/id/7000000000041430,England,http://data.ordnancesurvey.co.uk/id/country/england,,,
HG34BH,http://data.ordnancesurvey.co.uk/id/postcodeunit/HG34BH,HG3 4BH,,,,other,Postcode,419548,461730,3500,18000,,,,,,,Dacre Banks,http://data.ordnancesurvey.co.uk/id/4000000074546000,http://www.ordnancesurvey.co.uk/xml/codelists/localtype.xml#village,,,,North Yorkshire,http://data.ordnancesurvey.co.uk/id/7000000000183627,http://data.ordnancesurvey.co.uk/ontology/admingeo/UnitaryAuthority,Yorkshire and the Humber,http://data.ordnancesurvey.co.uk/id/7000000000041430,England,http://data.ordnancesurvey.co.uk/id/country/england,,,
HG35EP,http://data.ordnancesurvey.co.uk/id/postcodeunit/HG35EP,HG3 5EP,,,,other,Postcode,418618,467470,3500,18000,,,,,,,,,,,,,North Yorkshire,http://data.ordnancesurvey.co.uk/id/7000000000183627,http://data.ordnancesurvey.co.uk/ontology/admingeo/UnitaryAuthority,Yorkshire and the Humber,http://data.ordnancesurvey.co.uk/id/7000000000041430,England,http://data.ordnancesurvey.co.uk/id/country/england,,,
HG34HE,http://data.ordnancesurvey.co.uk/id/postcodeunit/HG34HE,HG3 4HE,,,,other,Postcode,417156,462309,3500,18000,,,,,,,,,,,,,North Yorkshire,http://data.ordnancesurvey.co.uk/id/7000000000183627,http://data.ordnancesurvey.co.uk/ontology/admingeo/UnitaryAuthority,Yorkshire and the Humber,http://data.ordnancesurvey.co.uk/id/7000000000041430,England,http://data.ordnancesurvey.co.uk/id/country/england,,,
HG35SZ,http://data.ordnancesurvey.co.uk/id/postcodeunit/HG35SZ,HG3 5SZ,,,,other,Postcode,408300,474217,3500,18000,,,,,,,,,,,,,North Yorkshire,http://data.ordnancesurvey.co.uk/id/7000000000183627,http://data.ordnancesurvey.co.uk/ontology/admingeo/UnitaryAuthority,Yorkshire and the Humber,http://data.ordnancesurvey.co.uk/id/7000000000041430,England,http://data.ordnancesurvey.co.uk/id/country/england,,,
BD235LG,http://data.ordnancesurvey.co.uk/id/postcodeunit/BD235LG,BD23 5LG,,,,other,Postcode,400329,463923,3500,18000,,,,,,,Grassington,http://data.ordnancesurvey.co.uk/id/4000000074564363,http://www.ordnancesurvey.co.uk/xml/codelists/localtype.xml#village,,,,North Yorkshire,http://data.ordnancesurvey.co.uk/id/7000000000183627,http://data.ordnancesurvey.co.uk/ontology/admingeo/UnitaryAuthority,Yorkshire and the Humber,http://data.ordnancesurvey.co.uk/id/7000000000041430,England,http://data.ordnancesurvey.co.uk/id/country/england,,,
BD236BJ,http://data.ordnancesurvey.co.uk/id/postcodeunit/BD236BJ,BD23 6BJ,,,,other,Postcode,401291,461740,3500,18000,,,,,,,Thorpe,http://data.ordnancesurvey.co.uk/id/4000000074545777,http://www.ordnancesurvey.co.uk/xml/codelists/localtype.xml#hamlet,,,,North Yorkshire,http://data.ordnancesurvey.co.uk/id/7000000000183627,http://data.ordnancesurvey.co.uk/ontology/admingeo/UnitaryAuthority,Yorkshire and the Humber,http://data.ordnancesurvey.co.uk/id/7000000000041430,England,http://data.ordnancesurvey.co.uk/id/country/england,,,
HG34BZ,http://data.ordnancesurvey.co.uk/id/postcodeunit/HG34BZ,HG3 4BZ,,,,other,Postcode,419177,463651,3500,18000,,,,,,,Low Laithe,http://data.ordnancesurvey.co.uk/id/4000000074545780,http://www.ordnancesurvey.co.uk/xml/codelists/localtype.xml#village,,,,North Yorkshire,http://data.ordnancesurvey.co.uk/id/7000000000183627,http://data.ordnancesurvey.co.uk/ontology/admingeo/UnitaryAuthority,Yorkshire and the Humber,http://data.ordnancesurvey.co.uk/id/7000000000041430,England,http://data.ordnancesurvey.co.uk/id/country/england,,,
BD235EQ,http://data.ordnancesurvey.co.uk/id/postcodeunit/BD235EQ,BD23 5EQ,,,,other,Postcode,401469,465904,3500,18000,,,,,,,,,,,,,North Yorkshire,http://data.ordnancesurvey.co.uk/id/7000000000183627,http://data.ordnancesurvey.co.uk/ontology/admingeo/UnitaryAuthority,Yorkshire and the Humber,http://data.ordnancesurvey.co.uk/id/7000000000041430,England,http://data.ordnancesurvey.co.uk/id/country/england,,,
HG35EG,http://data.ordnancesurvey.co.uk/id/postcodeunit/HG35EG,HG3 5EG,,,,other,Postcode,418295,464901,3500,18000,,,,,,,Wilsill,http://data.ordnancesurvey.co.uk/id/4000000074546006,http://www.ordnancesurvey.co.uk/xml/codelists/localtype.xml#village,,,,North Yorkshire,http://data.ordnancesurvey.co.uk/id/7000000000183627,http://data.ordnancesurvey.co.uk/ontology/admingeo/UnitaryAuthority,Yorkshire and the Humber,http://data.ordnancesurvey.co.uk/id/7000000000041430,England,http://data.ordnancesurvey.co.uk/id/country/england,,,
BD236BY,http://data.ordnancesurvey.co.uk/id/postcodeunit/BD236BY,BD23 6BY,,,,other,Postcode,403957,460957,3500,18000,,,,,,,Hartlington,http://data.ordnancesurvey.co.uk/id/4000000074547504,http://www.ordnancesurvey.co.uk/xml/codelists/localtype.xml#hamlet,,,,North Yorkshire,http://data.ordnancesurvey.co.uk/id/7000000000183627,http://data.ordnancesurvey.co.uk/ontology/admingeo/UnitaryAuthority,Yorkshire and the Humber,http://data.ordnancesurvey.co.uk/id/7000000000041430,England,http://data.ordnancesurvey.co.uk/id/country/england,,,
HG35DG,http://data.ordnancesurvey.co.uk/id/postcodeunit/HG35DG,HG3 5DG,,,,other,Postcode,416696,465003,3500,18000,,,,,,,,,,,,,North Yorkshire,http://data.ordnancesurvey.co.uk/id/7000000000183627,http://data.ordnancesurvey.co.uk/ontology/admingeo/UnitaryAuthority,Yorkshire and the Humber,http://data.ordnancesurvey.co.uk/id/7000000000041430,England,http://data.ordnancesurvey.co.uk/id/country/england,,,
BD235AP,http://data.ordnancesurvey.co.uk/id/postcodeunit/BD235AP,BD23 5AP,,,,other,Postcode,400234,463963,3500,18000,,,,,,,Grassington,http://data.ordnancesurvey.co.uk/id/4000000074564363,http://www.ordnancesurvey.co.uk/xml/codelists/localtype.xml#village,,,,North Yorkshire,http://data.ordnancesurvey.co.uk/id/7000000000183627,http://data.ordnancesurvey.co.uk/ontology/admingeo/UnitaryAuthority,Yorkshire and the Humber,http://data.ordnancesurvey.co.uk/id/7000000000041430,England,http://data.ordnancesurvey.co.uk/id/country/england,,,
HG34BL,http://data.ordnancesurvey.co.uk/id/postcodeunit/HG34BL,HG3 4BL,,,,other,Postcode,419941,462832,3500,18000,,,,,,,Summerbridge,http://data.ordnancesurvey.co.uk/id/4000000074545779,http://www.ordnancesurvey.co.uk/xml/codelists/localtype.xml#village,,,,North Yorkshire,http://data.ordnancesurvey.co.uk/id/7000000000183627,http://data.ordnancesurvey.co.uk/ontology/admingeo/UnitaryAuthority,Yorkshire and the Humber,http://data.ordnancesurvey.co.uk/id/7000000000041430,England,http://data.ordnancesurvey.co.uk/id/country/england,,,
HG35NB,http://data.ordnancesurvey.co.uk/id/postcodeunit/HG35NB,HG3 5NB,,,,other,Postcode,416716,465750,3500,18000,,,,,,,,,,,,,North Yorkshire,http://data.ordnancesurvey.co.uk/id/7000000000183627,http://data.ordnancesurvey.co.uk/ontology/admingeo/UnitaryAuthority,Yorkshire and the Humber,http://data.ordnancesurvey.co.uk/id/7000000000041430,England,http://data.ordnancesurvey.co.uk/id/country/england,,,
HG35BX,http://data.ordnancesurvey.co.uk/id/postcodeunit/HG35BX,HG3 5BX,,,,other,Postcode,413307,466644,3500,18000,,,,,,,,,,,,,North Yorkshire,http://data.ordnancesurvey.co.uk/id/7000000000183627,http://data.ordnancesurvey.co.uk/ontology/admingeo/UnitaryAuthority,Yorkshire and the Humber,http://data.ordnancesurvey.co.uk/id/7000000000041430,England,http://data.ordnancesurvey.co.uk/id/country/england,,,
BD235LX,http://data.ordnancesurvey.co.uk/id/postcodeunit/BD235LX,BD23 5LX,,,,other,Postcode,400217,464150,3500,18000,,,,,,,Grassington,http://data.ordnancesurvey.co.uk/id/4000000074564363,http://www.ordnancesurvey.co.uk/xml/codelists/localtype.xml#village,,,,North Yorkshire,http://data.ordnancesurvey.co.uk/id/7000000000183627,http://data.ordnancesurvey.co.uk/ontology/admingeo/UnitaryAuthority,Yorkshire and the Humber,http://data.ordnancesurvey.co.uk/id/7000000000041430,England,http://data.ordnancesurvey.co.uk/id/country/england,,,
HG35EL,http://data.ordnancesurvey.co.uk/id/postcodeunit/HG35EL,HG3 5EL,,,,other,Postcode,419163,465165,3500,18000,,,,,,,,,,,,,North Yorkshire,http://data.ordnancesurvey.co.uk/id/7000000000183627,http://data.ordnancesurvey.co.uk/ontology/admingeo/UnitaryAuthority,Yorkshire and the Humber,http://data.ordnancesurvey.co.uk/id/7000000000041430,England,http://data.ordnancesurvey.co.uk/id/country/england,,,
HG35JG,http://data.ordnancesurvey.co.uk/id/postcodeunit/HG35JG,HG3 5JG,,,,other,Postcode,414842,464491,3500,18000,,,,,,,,,,,,,North Yorkshire,http://data.ordnancesurvey.co.uk/id/7000000000183627,http://data.ordnancesurvey.co.uk/ontology/admingeo/UnitaryAuthority,Yorkshire and the Humber,http://data.ordnancesurvey.co.uk/id/7000000000041430,England,http://data.ordnancesurvey.co.uk/id/country/england,,,
BD235FB,http://data.ordnancesurvey.co.uk/id/postcodeunit/BD235FB,BD23 5FB,,,,other,Postcode,400338,463927,3500,18000,,,,,,,Grassington,http://data.ordnancesurvey.co.uk/id/4000000074564363,http://www.ordnancesurvey.co.uk/xml/codelists/localtype.xml#village,,,,North Yorkshire,http://data.ordnancesurvey.co.uk/id/7000000000183627,http://data.ordnancesurvey.co.uk/ontology/admingeo/UnitaryAuthority,Yorkshire and the Humber,http://data.ordnancesurvey.co.uk/id/7000000000041430,England,http://data.ordnancesurvey.co.uk/id/country/england,,,
HG35SX,http://data.ordnancesurvey.co.uk/id/postcodeunit/HG35SX,HG3 5SX,,,,other,Postcode,409333,473891,3500,18000,,,,,,,,,,,,,North Yorkshire,http://data.ordnancesurvey.co.uk/id/7000000000183627,http://data.ordnancesurvey.co.uk/ontology/admingeo/UnitaryAuthority,Yorkshire and the Humber,http://data.ordnancesurvey.co.uk/id/7000000000041430,England,http://data.ordnancesurvey.co.uk/id/country/england,,,
BD235DG,http://data.ordnancesurvey.co.uk/id/postcodeunit/BD235DG,BD23 5DG,,,,other,Postcode,400308,463834,3500,18000,,,,,,,Grassington,http://data.ordnancesurvey.co.uk/id/4000000074564363,http://www.ordnancesurvey.co.uk/xml/codelists/localtype.xml#village,,,,North Yorkshire,http://data.ordnancesurvey.co.uk/id/7000000000183627,http://data.ordnancesurvey.co.uk/ontology/admingeo/UnitaryAuthority,Yorkshire and the Humber,http://data.ordnancesurvey.co.uk/id/7000000000041430,England,http://data.ordnancesurvey.co.uk/id/country/england,,,
HG35NR,http://data.ordnancesurvey.co.uk/id/postcodeunit/HG35NR,HG3 5NR,,,,other,Postcode,415998,465636,3500,18000,,,,,,,Pateley Bridge,http://data.ordnancesurvey.co.uk/id/4000000074546010,http://www.ordnancesurvey.co.uk/xml/codelists/localtype.xml#town,,,,North Yorkshire,http://data.ordnancesurvey.co.uk/id/7000000000183627,http://data.ordnancesurvey.co.uk/ontology/admingeo/UnitaryAuthority,Yorkshire and the Humber,http://data.ordnancesurvey.co.uk/id/7000000000041430,England,http://data.ordnancesurvey.co.uk/id/country/england,,,
BD235JG,http://data.ordnancesurvey.co.uk/id/postcodeunit/BD235JG,BD23 5JG,,,,other,Postcode,402754,462415,3500,18000,,,,,,,Hebden,http://data.ordnancesurvey.co.uk/id/4000000074547511,http://www.ordnancesurvey.co.uk/xml/codelists/localtype.xml#village,,,,North Yorkshire,http://data.ordnancesurvey.co.uk/id/7000000000183627,http://data.ordnancesurvey.co.uk/ontology/admingeo/UnitaryAuthority,Yorkshire and the Humber,http://data.ordnancesurvey.co.uk/id/7000000000041430,England,http://data.ordnancesurvey.co.uk/id/country/england,,,
HG43PT,http://data.ordnancesurvey.co.uk/id/postcodeunit/HG43PT,HG4 3PT,,,,other,Postcode,419427,470556,3500,18000,,,,,,,,,,,,,North Yorkshire,http://data.ordnancesurvey.co.uk/id/7000000000183627,http://data.ordnancesurvey.co.uk/ontology/admingeo/UnitaryAuthority,Yorkshire and the Humber,http://data.ordnancesurvey.co.uk/id/7000000000041430,England,http://data.ordnancesurvey.co.uk/id/country/england,,,
HG35NE,http://data.ordnancesurvey.co.uk/id/postcodeunit/HG35NE,HG3 5NE,,,,other,Postcode,416479,466557,3500,18000,,,,,,,,,,,,,North Yorkshire,http://data.ordnancesurvey.co.uk/id/7000000000183627,http://data.ordnancesurvey.co.uk/ontology/admingeo/UnitaryAuthority,Yorkshire and the Humber,http://data.ordnancesurvey.co.uk/id/7000000000041430,England,http://data.ordnancesurvey.co.uk/id/country/england,,,
HG35AG,http://data.ordnancesurvey.co.uk/id/postcodeunit/HG35AG,HG3 5AG,,,,other,Postcode,417185,464364,3500,18000,,,,,,,Glasshouses,http://data.ordnancesurvey.co.uk/id/4000000074546007,http://www.ordnancesurvey.co.uk/xml/codelists/localtype.xml#village,,,,North Yorkshire,http://data.ordnancesurvey.co.uk/id/7000000000183627,http://data.ordnancesurvey.co.uk/ontology/admingeo/UnitaryAuthority,Yorkshire and the Humber,http://data.ordnancesurvey.co.uk/id/7000000000041430,England,http://data.ordnancesurvey.co.uk/id/country/england,,,
BD235BE,http://data.ordnancesurvey.co.uk/id/postcodeunit/BD235BE,BD23 5BE,,,,other,Postcode,400279,464345,3500,18000,,,,,,,Grassington,http://data.ordnancesurvey.co.uk/id/4000000074564363,http://www.ordnancesurvey.co.uk/xml/codelists/localtype.xml#village,,,,North Yorkshire,http://data.ordnancesurvey.co.uk/id/7000000000183627,http://data.ordnancesurvey.co.uk/ontology/admingeo/UnitaryAuthority,Yorkshire and the Humber,http://data.ordnancesurvey.co.uk/id/7000000000041430,England,http://data.ordnancesurvey.co.uk/id/country/england,,,
HG34EX,http://data.ordnancesurvey.co.uk/id/postcodeunit/HG34EX,HG3 4EX,,,,other,Postcode,417926,461446,3500,18000,,,,,,,,,,,,,North Yorkshire,http://data.ordnancesurvey.co.uk/id/7000000000183627,http://data.ordnancesurvey.co.uk/ontology/admingeo/UnitaryAuthority,Yorkshire and the Humber,http://data.ordnancesurvey.co.uk/id/7000000000041430,England,http://data.ordnancesurvey.co.uk/id/country/england,,,
HG35RB,http://data.ordnancesurvey.co.uk/id/postcodeunit/HG35RB,HG3 5RB,,,,other,Postcode,417289,464636,3500,18000,,,,,,,Glasshouses,http://data.ordnancesurvey.co.uk/id/4000000074546007,http://www.ordnancesurvey.co.uk/xml/codelists/localtype.xml#village,,,,North Yorkshire,http://data.ordnancesurvey.co.uk/id/7000000000183627,http://data.ordnancesurvey.co.uk/ontology/admingeo/UnitaryAuthority,Yorkshire and the Humber,http://data.ordnancesurvey.co.uk/id/7000000000041430,England,http://data.ordnancesurvey.co.uk/id/country/england,,,
HG35LJ,http://data.ordnancesurvey.co.uk/id/postcodeunit/HG35LJ,HG3 5LJ,,,,other,Postcode,416057,465946,3500,18000,,,,,,,Pateley Bridge,http://data.ordnancesurvey.co.uk/id/4000000074546010,http://www.ordnancesurvey.co.uk/xml/codelists/localtype.xml#town,,,,North Yorkshire,http://data.ordnancesurvey.co.uk/id/7000000000183627,http://data.ordnancesurvey.co.uk/ontology/admingeo/UnitaryAuthority,Yorkshire and the Humber,http://data.ordnancesurvey.co.uk/id/7000000000041430,England,http://data.ordnancesurvey.co.uk/id/country/england,,,
HG35AP,http://data.ordnancesurvey.co.uk/id/postcodeunit/HG35AP,HG3 5AP,,,,other,Postcode,415785,465610,3500,18000,,,,,,,Pateley Bridge,http://data.ordnancesurvey.co.uk/id/4000000074546010,http://www.ordnancesurvey.co.uk/xml/codelists/localtype.xml#town,,,,North Yorkshire,http://data.ordnancesurvey.co.uk/id/7000000000183627,http://data.ordnancesurvey.co.uk/ontology/admingeo/UnitaryAuthority,Yorkshire and the Humber,http://data.ordnancesurvey.co.uk/id/7000000000041430,England,http://data.ordnancesurvey.co.uk/id/country/england,,,
HG35AT,http://data.ordnancesurvey.co.uk/id/postcodeunit/HG35AT,HG3 5AT,,,,other,Postcode,415736,465660,3500,18000,,,,,,,Pateley Bridge,http://data.ordnancesurvey.co.uk/id/4000000074546010,http://www.ordnancesurvey.co.uk/xml/codelists/localtype.xml#town,,,,North Yorkshire,http://data.ordnancesurvey.co.uk/id/7000000000183627,http://data.ordnancesurvey.co.uk/ontology/admingeo/UnitaryAuthority,Yorkshire and the Humber,http://data.ordnancesurvey.co.uk/id/7000000000041430,England,http://data.ordnancesurvey.co.uk/id/country/england,,,
BD235DX,http://data.ordnancesurvey.co.uk/id/postcodeunit/BD235DX,BD23 5DX,,,,other,Postcode,402735,462863,3500,18000,,,,,,,Hebden,http://data.ordnancesurvey.co.uk/id/4000000074547511,http://www.ordnancesurvey.co.uk/xml/codelists/localtype.xml#village,,,,North Yorkshire,http://data.ordnancesurvey.co.uk/id/7000000000183627,http://data.ordnancesurvey.co.uk/ontology/admingeo/UnitaryAuthority,Yorkshire and the Humber,http://data.ordnancesurvey.co.uk/id/7000000000041430,England,http://data.ordnancesurvey.co.uk/id/country/england,,,
BD235LR,http://data.ordnancesurvey.co.uk/id/postcodeunit/BD235LR,BD23 5LR,,,,other,Postcode,400392,463765,3500,18000,,,,,,,Grassington,http://data.ordnancesurvey.co.uk/id/4000000074564363,http://www.ordnancesurvey.co.uk/xml/codelists/localtype.xml#village,,,,North Yorkshire,http://data.ordnancesurvey.co.uk/id/7000000000183627,http://data.ordnancesurvey.co.uk/ontology/admingeo/UnitaryAuthority,Yorkshire and the Humber,http://data.ordnancesurvey.co.uk/id/7000000000041430,England,http://data.ordnancesurvey.co.uk/id/country/england,,,
HG35ER,http://data.ordnancesurvey.co.uk/id/postcodeunit/HG35ER,HG3 5ER,,,,other,Postcode,418923,466351,3500,18000,,,,,,,,,,,,,North Yorkshire,http://data.ordnancesurvey.co.uk/id/7000000000183627,http://data.ordnancesurvey.co.uk/ontology/admingeo/UnitaryAuthority,Yorkshire and the Humber,http://data.ordnancesurvey.co.uk/id/7000000000041430,England,http://data.ordnancesurvey.co.uk/id/country/england,,,
HG43RD,http://data.ordnancesurvey.co.uk/id/postcodeunit/HG43RD,HG4 3RD,,,,other,Postcode,419928,472273,3500,18000,,,,,,,,,,,,,North Yorkshire,http://data.ordnancesurvey.co.uk/id/7000000000183627,http://data.ordnancesurvey.co.uk/ontology/admingeo/UnitaryAuthority,Yorkshire and the Humber,http://data.ordnancesurvey.co.uk/id/7000000000041430,England,http://data.ordnancesurvey.co.uk/id/country/england,,,
BD235AA,http://data.ordnancesurvey.co.uk/id/postcodeunit/BD235AA,BD23 5AA,,,,other,Postcode,400302,464115,3500,18000,,,,,,,Grassington,http://data.ordnancesurvey.co.uk/id/4000000074564363,http://www.ordnancesurvey.co.uk/xml/codelists/localtype.xml#village,,,,North Yorkshire,http://data.ordnancesurvey.co.uk/id/7000000000183627,http://data.ordnancesurvey.co.uk/ontology/admingeo/UnitaryAuthority,Yorkshire and the Humber,http://data.ordnancesurvey.co.uk/id/7000000000041430,England,http://data.ordnancesurvey.co.uk/id/country/england,,,
HG35PB,http://data.ordnancesurvey.co.uk/id/postcodeunit/HG35PB,HG3 5PB,,,,other,Postcode,416019,465805,3500,18000,,,,,,,Pateley Bridge,http://data.ordnancesurvey.co.uk/id/4000000074546010,http://www.ordnancesurvey.co.uk/xml/codelists/localtype.xml#town,,,,North Yorkshire,http://data.ordnancesurvey.co.uk/id/7000000000183627,http://data.ordnancesurvey.co.uk/ontology/admingeo/UnitaryAuthority,Yorkshire and the Humber,http://data.ordnancesurvey.co.uk/id/7000000000041430,England,http://data.ordnancesurvey.co.uk/id/country/england,,,
BD235NG,http://data.ordnancesurvey.co.uk/id/postcodeunit/BD235NG,BD23 5NG,,,,other,Postcode,400076,464134,3500,18000,,,,,,,Grassington,http://data.ordnancesurvey.co.uk/id/4000000074564363,http://www.ordnancesurvey.co.uk/xml/codelists/localtype.xml#village,,,,North Yorkshire,http://data.ordnancesurvey.co.uk/id/7000000000183627,http://data.ordnancesurvey.co.uk/ontology/admingeo/UnitaryAuthority,Yorkshire and the Humber,http://data.ordnancesurvey.co.uk/id/7000000000041430,England,http://data.ordnancesurvey.co.uk/id/country/england,,,
BD235LL,http://data.ordnancesurvey.co.uk/id/postcodeunit/BD235LL,BD23 5LL,,,,other,Postcode,400474,463700,3500,18000,,,,,,,Grassington,http://data.ordnancesurvey.co.uk/id/4000000074564363,http://www.ordnancesurvey.co.uk/xml/codelists/localtype.xml#village,,,,North Yorkshire,http://data.ordnancesurvey.co.uk/id/7000000000183627,http://data.ordnancesurvey.co.uk/ontology/admingeo/UnitaryAuthority,Yorkshire and the Humber,http://data.ordnancesurvey.co.uk/id/7000000000041430,England,http://data.ordnancesurvey.co.uk/id/country/england,,,
HG35EQ,http://data.ordnancesurvey.co.uk/id/postcodeunit/HG35EQ,HG3 5EQ,,,,other,Postcode,418460,465141,3500,18000,,,,,,,,,,,,,North Yorkshire,http://data.ordnancesurvey.co.uk/id/7000000000183627,http://data.ordnancesurvey.co.uk/ontology/admingeo/UnitaryAuthority,Yorkshire and the Humber,http://data.ordnancesurvey.co.uk/id/7000000000041430,England,http://data.ordnancesurvey.co.uk/id/country/england,,,
HG43QJ,http://data.ordnancesurvey.co.uk/id/postcodeunit/HG43QJ,HG4 3QJ,,,,other,Postcode,419182,475250,3500,18000,,,,,,,,,,,,,North Yorkshire,http://data.ordnancesurvey.co.uk/id/7000000000183627,http://data.ordnancesurvey.co.uk/ontology/admingeo/UnitaryAuthority,Yorkshire and the Humber,http://data.ordnancesurvey.co.uk/id/7000000000041430,England,http://data.ordnancesurvey.co.uk/id/country/england,,,
HG35AX,http://data.ordnancesurvey.co.uk/id/postcodeunit/HG35AX,HG3 5AX,,,,other,Postcode,415633,465712,3500,18000,,,,,,,Pateley Bridge,http://data.ordnancesurvey.co.uk/id/4000000074546010,http://www.ordnancesurvey.co.uk/xml/codelists/localtype.xml#town,,,,North Yorkshire,http://data.ordnancesurvey.co.uk/id/7000000000183627,http://data.ordnancesurvey.co.uk/ontology/admingeo/UnitaryAuthority,Yorkshire and the Humber,http://data.ordnancesurvey.co.uk/id/7000000000041430,England,http://data.ordnancesurvey.co.uk/id/country/england,,,
HG34AX,http://data.ordnancesurvey.co.uk/id/postcodeunit/HG34AX,HG3 4AX,,,,other,Postcode,413749,461162,3500,18000,,,,,,,,,,,,,North Yorkshire,http://data.ordnancesurvey.co.uk/id/7000000000183627,http://data.ordnancesurvey.co.uk/ontology/admingeo/UnitaryAuthority,Yorkshire and the Humber,http://data.ordnancesurvey.co.uk/id/7000000000041430,England,http://data.ordnancesurvey.co.uk/id/country/england,,,
HG35DW,http://data.ordnancesurvey.co.uk/id/postcodeunit/HG35DW,HG3 5DW,,,,other,Postcode,417565,465175,3500,18000,,,,,,,Blazefield,http://data.ordnancesurvey.co.uk/id/4000000074546008,http://www.ordnancesurvey.co.uk/xml/codelists/localtype.xml#hamlet,,,,North Yorkshire,http://data.ordnancesurvey.co.uk/id/7000000000183627,http://data.ordnancesurvey.co.uk/ontology/admingeo/UnitaryAuthority,Yorkshire and the Humber,http://data.ordnancesurvey.co.uk/id/7000000000041430,England,http://data.ordnancesurvey.co.uk/id/country/england,,,
HG34DS,http://data.ordnancesurvey.co.uk/id/postcodeunit/HG34DS,HG3 4DS,,,,other,Postcode,419645,463015,3500,18000,,,,,,,Summerbridge,http://data.ordnancesurvey.co.uk/id/4000000074545779,http://www.ordnancesurvey.co.uk/xml/codelists/localtype.xml#village,,,,North Yorkshire,http://data.ordnancesurvey.co.uk/id/7000000000183627,http://data.ordnancesurvey.co.uk/ontology/admingeo/UnitaryAuthority,Yorkshire and the Humber,http://data.ordnancesurvey.co.uk/id/7000000000041430,England,http://data.ordnancesurvey.co.uk/id/country/england,,,
BD235NB,http://data.ordnancesurvey.co.uk/id/postcodeunit/BD235NB,BD23 5NB,,,,other,Postcode,400023,463984,3500,18000,,,,,,,Grassington,http://data.ordnancesurvey.co.uk/id/4000000074564363,http://www.ordnancesurvey.co.uk/xml/codelists/localtype.xml#village,,,,North Yorkshire,http://data.ordnancesurvey.co.uk/id/7000000000183627,http://data.ordnancesurvey.co.uk/ontology/admingeo/UnitaryAuthority,Yorkshire and the Humber,http://data.ordnancesurvey.co.uk/id/7000000000041430,England,http://data.ordnancesurvey.co.uk/id/country/england,,,
HG35HW,http://data.ordnancesurvey.co.uk/id/postcodeunit/HG35HW,HG3 5HW,,,,other,Postcode,415206,465095,3500,18000,,,,,,,,,,,,,North Yorkshire,http://data.ordnancesurvey.co.uk/id/7000000000183627,http://data.ordnancesurvey.co.uk/ontology/admingeo/UnitaryAuthority,Yorkshire and the Humber,http://data.ordnancesurvey.co.uk/id/7000000000041430,England,http://data.ordnancesurvey.co.uk/id/country/england,,,
HG35BT,http://data.ordnancesurvey.co.uk/id/postcodeunit/HG35BT,HG3 5BT,,,,other,Postcode,413479,466390,3500,18000,,,,,,,,,,,,,North Yorkshire,http://data.ordnancesurvey.co.uk/id/7000000000183627,http://data.ordnancesurvey.co.uk/ontology/admingeo/UnitaryAuthority,Yorkshire and the Humber,http://data.ordnancesurvey.co.uk/id/7000000000041430,England,http://data.ordnancesurvey.co.uk/id/country/england,,,
BD235AR,http://data.ordnancesurvey.co.uk/id/postcodeunit/BD235AR,BD23 5AR,,,,other,Postcode,400222,464022,3500,18000,,,,,,,Grassington,http://data.ordnancesurvey.co.uk/id/4000000074564363,http://www.ordnancesurvey.co.uk/xml/codelists/localtype.xml#village,,,,North Yorkshire,http://data.ordnancesurvey.co.uk/id/7000000000183627,http://data.ordnancesurvey.co.uk/ontology/admingeo/UnitaryAuthority,Yorkshire and the Humber,http://data.ordnancesurvey.co.uk/id/7000000000041430,England,http://data.ordnancesurvey.co.uk/id/country/england,,,
HG35PL,http://data.ordnancesurvey.co.uk/id/postcodeunit/HG35PL,HG3 5PL,,,,other,Postcode,414972,467512,3500,18000,,,,,,,Wath,http://data.ordnancesurvey.co.uk/id/4000000074547280,http://www.ordnancesurvey.co.uk/xml/codelists/localtype.xml#hamlet,,,,North Yorkshire,http://data.ordnancesurvey.co.uk/id/7000000000183627,http://data.ordnancesurvey.co.uk/ontology/admingeo/UnitaryAuthority,Yorkshire and the Humber,http://data.ordnancesurvey.co.uk/id/7000000000041430,England,http://data.ordnancesurvey.co.uk/id/country/england,,,
HG35PN,http://data.ordnancesurvey.co.uk/id/postcodeunit/HG35PN,HG3 5PN,,,,other,Postcode,414822,467695,3500,18000,,,,,,,Wath,http://data.ordnancesurvey.co.uk/id/4000000074547280,http://www.ordnancesurvey.co.uk/xml/codelists/localtype.xml#hamlet,,,,North Yorkshire,http://data.ordnancesurvey.co.uk/id/7000000000183627,http://data.ordnancesurvey.co.uk/ontology/admingeo/UnitaryAuthority,Yorkshire and the Humber,http://data.ordnancesurvey.co.uk/id/7000000000041430,England,http://data.ordnancesurvey.co.uk/id/country/england,,,
HG35RR,http://data.ordnancesurvey.co.uk/id/postcodeunit/HG35RR,HG3 5RR,,,,other,Postcode,412741,471052,3500,18000,,,,,,,,,,,,,North Yorkshire,http://data.ordnancesurvey.co.uk/id/7000000000183627,http://data.ordnancesurvey.co.uk/ontology/admingeo/UnitaryAuthority,Yorkshire and the Humber,http://data.ordnancesurvey.co.uk/id/7000000000041430,England,http://data.ordnancesurvey.co.uk/id/country/england,,,
HG35NJ,http://data.ordnancesurvey.co.uk/id/postcodeunit/HG35NJ,HG3 5NJ,,,,other,Postcode,416098,465374,3500,18000,,,,,,,Pateley Bridge,http://data.ordnancesurvey.co.uk/id/4000000074546010,http://www.ordnancesurvey.co.uk/xml/codelists/localtype.xml#town,,,,North Yorkshire,http://data.ordnancesurvey.co.uk/id/7000000000183627,http://data.ordnancesurvey.co.uk/ontology/admingeo/UnitaryAuthority,Yorkshire and the Humber,http://data.ordnancesurvey.co.uk/id/7000000000041430,England,http://data.ordnancesurvey.co.uk/id/country/england,,,
BD235BA,http://data.ordnancesurvey.co.uk/id/postcodeunit/BD235BA,BD23 5BA,,,,other,Postcode,400287,464214,3500,18000,,,,,,,Grassington,http://data.ordnancesurvey.co.uk/id/4000000074564363,http://www.ordnancesurvey.co.uk/xml/codelists/localtype.xml#village,,,,North Yorkshire,http://data.ordnancesurvey.co.uk/id/7000000000183627,http://data.ordnancesurvey.co.uk/ontology/admingeo/UnitaryAuthority,Yorkshire and the Humber,http://data.ordnancesurvey.co.uk/id/7000000000041430,England,http://data.ordnancesurvey.co.uk/id/country/england,,,
HG35SW,http://data.ordnancesurvey.co.uk/id/postcodeunit/HG35SW,HG3 5SW,,,,other,Postcode,407404,477259,3500,18000,,,,,,,,,,,,,North Yorkshire,http://data.ordnancesurvey.co.uk/id/7000000000183627,http://data.ordnancesurvey.co.uk/ontology/admingeo/UnitaryAuthority,Yorkshire and the Humber,http://data.ordnancesurvey.co.uk/id/7000000000041430,England,http://data.ordnancesurvey.co.uk/id/country/england,,,
HG44LT,http://data.ordnancesurvey.co.uk/id/postcodeunit/HG44LT,HG4 4LT,,,,other,Postcode,415309,478185,3500,18000,,,,,,,,,,,,,North Yorkshire,http://data.ordnancesurvey.co.uk/id/7000000000183627,http://data.ordnancesurvey.co.uk/ontology/admingeo/UnitaryAuthority,Yorkshire and the Humber,http://data.ordnancesurvey.co.uk/id/7000000000041430,England,http://data.ordnancesurvey.co.uk/id/country/england,,,
HG34BJ,http://data.ordnancesurvey.co.uk/id/postcodeunit/HG34BJ,HG3 4BJ,,,,other,Postcode,419716,462850,3500,18000,,,,,,,Summerbridge,http://data.ordnancesurvey.co.uk/id/4000000074545779,http://www.ordnancesurvey.co.uk/xml/codelists/localtype.xml#village,,,,North Yorkshire,http://data.ordnancesurvey.co.uk/id/7000000000183627,http://data.ordnancesurvey.co.uk/ontology/admingeo/UnitaryAuthority,Yorkshire and the Humber,http://data.ordnancesurvey.co.uk/id/7000000000041430,England,http://data.ordnancesurvey.co.uk/id/country/england,,,
HG35QY,http://data.ordnancesurvey.co.uk/id/postcodeunit/HG35QY,HG3 5QY,,,,other,Postcode,417449,464615,3500,18000,,,,,,,Glasshouses,http://data.ordnancesurvey.co.uk/id/4000000074546007,http://www.ordnancesurvey.co.uk/xml/codelists/localtype.xml#village,,,,North Yorkshire,http://data.ordnancesurvey.co.uk/id/7000000000183627,http://data.ordnancesurvey.co.uk/ontology/admingeo/UnitaryAuthority,Yorkshire and the Humber,http://data.ordnancesurvey.co.uk/id/7000000000041430,England,http://data.ordnancesurvey.co.uk/id/country/england,,,
HG34AR,http://data.ordnancesurvey.co.uk/id/postcodeunit/HG34AR,HG3 4AR,,,,other,Postcode,416247,461228,3500,18000,,,,,,,,,,,,,North Yorkshire,http://data.ordnancesurvey.co.uk/id/7000000000183627,http://data.ordnancesurvey.co.uk/ontology/admingeo/UnitaryAuthority,Yorkshire and the Humber,http://data.ordnancesurvey.co.uk/id/7000000000041430,England,http://data.ordnancesurvey.co.uk/id/country/england,,,
HG34DZ,http://data.ordnancesurvey.co.uk/id/postcodeunit/HG34DZ,HG3 4DZ,,,,other,Postcode,419917,462744,3500,18000,,,,,,,Summerbridge,http://data.ordnancesurvey.co.uk/id/4000000074545779,http://www.ordnancesurvey.co.uk/xml/codelists/localtype.xml#village,,,,North Yorkshire,http://data.ordnancesurvey.co.uk/id/7000000000183627,http://data.ordnancesurvey.co.uk/ontology/admingeo/UnitaryAuthority,Yorkshire and the Humber,http://data.ordnancesurvey.co.uk/id/7000000000041430,England,http://data.ordnancesurvey.co.uk/id/country/england,,,
HG43QS,http://data.ordnancesurvey.co.uk/id/postcodeunit/HG43QS,HG4 3QS,,,,other,Postcode,419332,473546,3500,18000,,,,,,,,,,,,,North Yorkshire,http://data.ordnancesurvey.co.uk/id/7000000000183627,http://data.ordnancesurvey.co.uk/ontology/admingeo/UnitaryAuthority,Yorkshire and the Humber,http://data.ordnancesurvey.co.uk/id/7000000000041430,England,http://data.ordnancesurvey.co.uk/id/country/england,,,
BD235DQ,http://data.ordnancesurvey.co.uk/id/postcodeunit/BD235DQ,BD23 5DQ,,,,other,Postcode,402602,463255,3500,18000,,,,,,,Hebden,http://data.ordnancesurvey.co.uk/id/4000000074547511,http://www.ordnancesurvey.co.uk/xml/codelists/localtype.xml#village,,,,North Yorkshire,http://data.ordnancesurvey.co.uk/id/7000000000183627,http://data.ordnancesurvey.co.uk/ontology/admingeo/UnitaryAuthority,Yorkshire and the Humber,http://data.ordnancesurvey.co.uk/id/7000000000041430,England,http://data.ordnancesurvey.co.uk/id/country/england,,,
HG44LX,http://data.ordnancesurvey.co.uk/id/postcodeunit/HG44LX,HG4 4LX,,,,other,Postcode,414808,478961,3500,18000,,,,,,,,,,,,,North Yorkshire,http://data.ordnancesurvey.co.uk/id/7000000000183627,http://data.ordnancesurvey.co.uk/ontology/admingeo/UnitaryAuthority,Yorkshire and the Humber,http://data.ordnancesurvey.co.uk/id/7000000000041430,England,http://data.ordnancesurvey.co.uk/id/country/england,,,
HG43QU,http://data.ordnancesurvey.co.uk/id/postcodeunit/HG43QU,HG4 3QU,,,,other,Postcode,419566,472766,3500,18000,,,,,,,,,,,,,North Yorkshire,http://data.ordnancesurvey.co.uk/id/7000000000183627,http://data.ordnancesurvey.co.uk/ontology/admingeo/UnitaryAuthority,Yorkshire and the Humber,http://data.ordnancesurvey.co.uk/id/7000000000041430,England,http://data.ordnancesurvey.co.uk/id/country/england,,,
HG34DD,http://data.ordnancesurvey.co.uk/id/postcodeunit/HG34DD,HG3 4DD,,,,other,Postcode,419062,463735,3500,18000,,,,,,,Low Laithe,http://data.ordnancesurvey.co.uk/id/4000000074545780,http://www.ordnancesurvey.co.uk/xml/codelists/localtype.xml#village,,,,North Yorkshire,http://data.ordnancesurvey.co.uk/id/7000000000183627,http://data.ordnancesurvey.co.uk/ontology/admingeo/UnitaryAuthority,Yorkshire and the Humber,http://data.ordnancesurvey.co.uk/id/7000000000041430,England,http://data.ordnancesurvey.co.uk/id/country/england,,,
HG35BS,http://data.ordnancesurvey.co.uk/id/postcodeunit/HG35BS,HG3 5BS,,,,other,Postcode,412983,465860,3500,18000,,,,,,,,,,,,,North Yorkshire,http://data.ordnancesurvey.co.uk/id/7000000000183627,http://data.ordnancesurvey.co.uk/ontology/admingeo/UnitaryAuthority,Yorkshire and the Humber,http://data.ordnancesurvey.co.uk/id/7000000000041430,England,http://data.ordnancesurvey.co.uk/id/country/england,,,
HG34BQ,http://data.ordnancesurvey.co.uk/id/postcodeunit/HG34BQ,HG3 4BQ,,,,other,Postcode,419638,462868,3500,18000,,,,,,,Summerbridge,http://data.ordnancesurvey.co.uk/id/4000000074545779,http://www.ordnancesurvey.co.uk/xml/codelists/localtype.xml#village,,,,North Yorkshire,http://data.ordnancesurvey.co.uk/id/7000000000183627,http://data.ordnancesurvey.co.uk/ontology/admingeo/UnitaryAuthority,Yorkshire and the Humber,http://data.ordnancesurvey.co.uk/id/7000000000041430,England,http://data.ordnancesurvey.co.uk/id/country/england,,,
HG35DN,http://data.ordnancesurvey.co.uk/id/postcodeunit/HG35DN,HG3 5DN,,,,other,Postcode,417505,465196,3500,18000,,,,,,,Blazefield,http://data.ordnancesurvey.co.uk/id/4000000074546008,http://www.ordnancesurvey.co.uk/xml/codelists/localtype.xml#hamlet,,,,North Yorkshire,http://data.ordnancesurvey.co.uk/id/7000000000183627,http://data.ordnancesurvey.co.uk/ontology/admingeo/UnitaryAuthority,Yorkshire and the Humber,http://data.ordnancesurvey.co.uk/id/7000000000041430,England,http://data.ordnancesurvey.co.uk/id/country/england,,,
HG35BY,http://data.ordnancesurvey.co.uk/id/postcodeunit/HG35BY,HG3 5BY,,,,other,Postcode,414482,465991,3500,18000,,,,,,,,,,,,,North Yorkshire,http://data.ordnancesurvey.co.uk/id/7000000000183627,http://data.ordnancesurvey.co.uk/ontology/admingeo/UnitaryAuthority,Yorkshire and the Humber,http://data.ordnancesurvey.co.uk/id/7000000000041430,England,http://data.ordnancesurvey.co.uk/id/country/england,,,
HG35LX,http://data.ordnancesurvey.co.uk/id/postcodeunit/HG35LX,HG3 5LX,,,,other,Postcode,415971,465685,3500,18000,,,,,,,Pateley Bridge,http://data.ordnancesurvey.co.uk/id/4000000074546010,http://www.ordnancesurvey.co.uk/xml/codelists/localtype.xml#town,,,,North Yorkshire,http://data.ordnancesurvey.co.uk/id/7000000000183627,http://data.ordnancesurvey.co.uk/ontology/admingeo/UnitaryAuthority,Yorkshire and the Humber,http://data.ordnancesurvey.co.uk/id/7000000000041430,England,http://data.ordnancesurvey.co.uk/id/country/england,,,
BD236DD,http://data.ordnancesurvey.co.uk/id/postcodeunit/BD236DD,BD23 6DD,,,,other,Postcode,405278,460086,3500,18000,,,,,,,Appletreewick,http://data.ordnancesurvey.co.uk/id/4000000074547503,http://www.ordnancesurvey.co.uk/xml/codelists/localtype.xml#village,,,,North Yorkshire,http://data.ordnancesurvey.co.uk/id/7000000000183627,http://data.ordnancesurvey.co.uk/ontology/admingeo/UnitaryAuthority,Yorkshire and the Humber,http://data.ordnancesurvey.co.uk/id/7000000000041430,England,http://data.ordnancesurvey.co.uk/id/country/england,,,
BD235NA,http://data.ordnancesurvey.co.uk/id/postcodeunit/BD235NA,BD23 5NA,,,,other,Postcode,400073,464029,3500,18000,,,,,,,Grassington,http://data.ordnancesurvey.co.uk/id/4000000074564363,http://www.ordnancesurvey.co.uk/xml/codelists/localtype.xml#village,,,,North Yorkshire,http://data.ordnancesurvey.co.uk/id/7000000000183627,http://data.ordnancesurvey.co.uk/ontology/admingeo/UnitaryAuthority,Yorkshire and the Humber,http://data.ordnancesurvey.co.uk/id/7000000000041430,England,http://data.ordnancesurvey.co.uk/id/country/england,,,
BD235AH,http://data.ordnancesurvey.co.uk/id/postcodeunit/BD235AH,BD23 5AH,,,,other,Postcode,400289,464015,3500,18000,,,,,,,Grassington,http://data.ordnancesurvey.co.uk/id/4000000074564363,http://www.ordnancesurvey.co.uk/xml/codelists/localtype.xml#village,,,,North Yorkshire,http://data.ordnancesurvey.co.uk/id/7000000000183627,http://data.ordnancesurvey.co.uk/ontology/admingeo/UnitaryAuthority,Yorkshire and the Humber,http://data.ordnancesurvey.co.uk/id/7000000000041430,England,http://data.ordnancesurvey.co.uk/id/country/england,,,
HG35JL,http://data.ordnancesurvey.co.uk/id/postcodeunit/HG35JL,HG3 5JL,,,,other,Postcode,408907,463522,3500,18000,,,,,,,,,,,,,North Yorkshire,http://data.ordnancesurvey.co.uk/id/7000000000183627,http://data.ordnancesurvey.co.uk/ontology/admingeo/UnitaryAuthority,Yorkshire and the Humber,http://data.ordnancesurvey.co.uk/id/7000000000041430,England,http://data.ordnancesurvey.co.uk/id/country/england,,,
BD235BQ,http://data.ordnancesurvey.co.uk/id/postcodeunit/BD235BQ,BD23 5BQ,,,,other,Postcode,400296,464333,3500,18000,,,,,,,Grassington,http://data.ordnancesurvey.co.uk/id/4000000074564363,http://www.ordnancesurvey.co.uk/xml/codelists/localtype.xml#village,,,,North Yorkshire,http://data.ordnancesurvey.co.uk/id/7000000000183627,http://data.ordnancesurvey.co.uk/ontology/admingeo/UnitaryAuthority,Yorkshire and the Humber,http://data.ordnancesurvey.co.uk/id/7000000000041430,England,http://data.ordnancesurvey.co.uk/id/country/england,,,
BD236BP,http://data.ordnancesurvey.co.uk/id/postcodeunit/BD236BP,BD23 6BP,,,,other,Postcode,403129,461576,3500,18000,,,,,,,Burnsall,http://data.ordnancesurvey.co.uk/id/4000000074545783,http://www.ordnancesurvey.co.uk/xml/codelists/localtype.xml#village,,,,North Yorkshire,http://data.ordnancesurvey.co.uk/id/7000000000183627,http://data.ordnancesurvey.co.uk/ontology/admingeo/UnitaryAuthority,Yorkshire and the Humber,http://data.ordnancesurvey.co.uk/id/7000000000041430,England,http://data.ordnancesurvey.co.uk/id/country/england,,,
HG35NX,http://data.ordnancesurvey.co.uk/id/postcodeunit/HG35NX,HG3 5NX,,,,other,Postcode,416230,465406,3500,18000,,,,,,,Pateley Bridge,http://data.ordnancesurvey.co.uk/id/4000000074546010,http://www.ordnancesurvey.co.uk/xml/codelists/localtype.xml#town,,,,North Yorkshire,http://data.ordnancesurvey.co.uk/id/7000000000183627,http://data.ordnancesurvey.co.uk/ontology/admingeo/UnitaryAuthority,Yorkshire and the Humber,http://data.ordnancesurvey.co.uk/id/7000000000041430,England,http://data.ordnancesurvey.co.uk/id/country/england,,,
HG35JS,http://data.ordnancesurvey.co.uk/id/postcodeunit/HG35JS,HG3 5JS,,,,other,Postcode,415793,465665,3500,18000,,,,,,,Pateley Bridge,http://data.ordnancesurvey.co.uk/id/4000000074546010,http://www.ordnancesurvey.co.uk/xml/codelists/localtype.xml#town,,,,North Yorkshire,http://data.ordnancesurvey.co.uk/id/7000000000183627,http://data.ordnancesurvey.co.uk/ontology/admingeo/UnitaryAuthority,Yorkshire and the Humber,http://data.ordnancesurvey.co.uk/id/7000000000041430,England,http://data.ordnancesurvey.co.uk/id/country/england,,,
HG35DL,http://data.ordnancesurvey.co.uk/id/postcodeunit/HG35DL,HG3 5DL,,,,other,Postcode,417468,464909,3500,18000,,,,,,,,,,,,,North Yorkshire,http://data.ordnancesurvey.co.uk/id/7000000000183627,http://data.ordnancesurvey.co.uk/ontology/admingeo/UnitaryAuthority,Yorkshire and the Humber,http://data.ordnancesurvey.co.uk/id/7000000000041430,England,http://data.ordnancesurvey.co.uk/id/country/england,,,
BD235LZ,http://data.ordnancesurvey.co.uk/id/postcodeunit/BD235LZ,BD23 5LZ,,,,other,Postcode,400005,464077,3500,18000,,,,,,,Grassington,http://data.ordnancesurvey.co.uk/id/4000000074564363,http://www.ordnancesurvey.co.uk/xml/codelists/localtype.xml#village,,,,North Yorkshire,http://data.ordnancesurvey.co.uk/id/7000000000183627,http://data.ordnancesurvey.co.uk/ontology/admingeo/UnitaryAuthority,Yorkshire and the Humber,http://data.ordnancesurvey.co.uk/id/7000000000041430,England,http://data.ordnancesurvey.co.uk/id/country/england,,,
BD236BT,http://data.ordnancesurvey.co.uk/id/postcodeunit/BD236BT,BD23 6BT,,,,other,Postcode,403158,460896,3500,18000,,,,,,,Burnsall,http://data.ordnancesurvey.co.uk/id/4000000074545783,http://www.ordnancesurvey.co.uk/xml/codelists/localtype.xml#village,,,,North Yorkshire,http://data.ordnancesurvey.co.uk/id/7000000000183627,http://data.ordnancesurvey.co.uk/ontology/admingeo/UnitaryAuthority,Yorkshire and the Humber,http://data.ordnancesurvey.co.uk/id/7000000000041430,England,http://data.ordnancesurvey.co.uk/id/country/england,,,
BD235AQ,http://data.ordnancesurvey.co.uk/id/postcodeunit/BD235AQ,BD23 5AQ,,,,other,Postcode,400275,463999,3500,18000,,,,,,,Grassington,http://data.ordnancesurvey.co.uk/id/4000000074564363,http://www.ordnancesurvey.co.uk/xml/codelists/localtype.xml#village,,,,North Yorkshire,http://data.ordnancesurvey.co.uk/id/7000000000183627,http://data.ordnancesurvey.co.uk/ontology/admingeo/UnitaryAuthority,Yorkshire and the Humber,http://data.ordnancesurvey.co.uk/id/7000000000041430,England,http://data.ordnancesurvey.co.uk/id/country/england,,,
HG34HH,http://data.ordnancesurvey.co.uk/id/postcodeunit/HG34HH,HG3 4HH,,,,other,Postcode,419205,462412,3500,18000,,,,,,,,,,,,,North Yorkshire,http://data.ordnancesurvey.co.uk/id/7000000000183627,http://data.ordnancesurvey.co.uk/ontology/admingeo/UnitaryAuthority,Yorkshire and the Humber,http://data.ordnancesurvey.co.uk/id/7000000000041430,England,http://data.ordnancesurvey.co.uk/id/country/england,,,
HG34EB,http://data.ordnancesurvey.co.uk/id/postcodeunit/HG34EB,HG3 4EB,,,,other,Postcode,419806,462161,3500,18000,,,,,,,Dacre Banks,http://data.ordnancesurvey.co.uk/id/4000000074546000,http://www.ordnancesurvey.co.uk/xml/codelists/localtype.xml#village,,,,North Yorkshire,http://data.ordnancesurvey.co.uk/id/7000000000183627,http://data.ordnancesurvey.co.uk/ontology/admingeo/UnitaryAuthority,Yorkshire and the Humber,http://data.ordnancesurvey.co.uk/id/7000000000041430,England,http://data.ordnancesurvey.co.uk/id/country/england,,,
HG35HY,http://data.ordnancesurvey.co.uk/id/postcodeunit/HG35HY,HG3 5HY,,,,other,Postcode,415781,464828,3500,18000,,,,,,,Bewerley,http://data.ordnancesurvey.co.uk/id/4000000074546009,http://www.ordnancesurvey.co.uk/xml/codelists/localtype.xml#village,,,,North Yorkshire,http://data.ordnancesurvey.co.uk/id/7000000000183627,http://data.ordnancesurvey.co.uk/ontology/admingeo/UnitaryAuthority,Yorkshire and the Humber,http://data.ordnancesurvey.co.uk/id/7000000000041430,England,http://data.ordnancesurvey.co.uk/id/country/england,,,
BD236BX,http://data.ordnancesurvey.co.uk/id/postcodeunit/BD236BX,BD23 6BX,,,,other,Postcode,403827,461507,3500,18000,,,,,,,Hartlington,http://data.ordnancesurvey.co.uk/id/4000000074547504,http://www.ordnancesurvey.co.uk/xml/codelists/localtype.xml#hamlet,,,,North Yorkshire,http://data.ordnancesurvey.co.uk/id/7000000000183627,http://data.ordnancesurvey.co.uk/ontology/admingeo/UnitaryAuthority,Yorkshire and the Humber,http://data.ordnancesurvey.co.uk/id/7000000000041430,England,http://data.ordnancesurvey.co.uk/id/country/england,,,
HG34BP,http://data.ordnancesurvey.co.uk/id/postcodeunit/HG34BP,HG3 4BP,,,,other,Postcode,419691,462836,3500,18000,,,,,,,Summerbridge,http://data.ordnancesurvey.co.uk/id/4000000074545779,http://www.ordnancesurvey.co.uk/xml/codelists/localtype.xml#village,,,,North Yorkshire,http://data.ordnancesurvey.co.uk/id/7000000000183627,http://data.ordnancesurvey.co.uk/ontology/admingeo/UnitaryAuthority,Yorkshire and the Humber,http://data.ordnancesurvey.co.uk/id/7000000000041430,England,http://data.ordnancesurvey.co.uk/id/country/england,,,
HG35HJ,http://data.ordnancesurvey.co.uk/id/postcodeunit/HG35HJ,HG3 5HJ,,,,other,Postcode,415406,465572,3500,18000,,,,,,,Pateley Bridge,http://data.ordnancesurvey.co.uk/id/4000000074546010,http://www.ordnancesurvey.co.uk/xml/codelists/localtype.xml#town,,,,North Yorkshire,http://data.ordnancesurvey.co.uk/id/7000000000183627,http://data.ordnancesurvey.co.uk/ontology/admingeo/UnitaryAuthority,Yorkshire and the Humber,http://data.ordnancesurvey.co.uk/id/7000000000041430,England,http://data.ordnancesurvey.co.uk/id/country/england,,,
BD235AW,http://data.ordnancesurvey.co.uk/id/postcodeunit/BD235AW,BD23 5AW,,,,other,Postcode,400406,464048,3500,18000,,,,,,,Grassington,http://data.ordnancesurvey.co.uk/id/4000000074564363,http://www.ordnancesurvey.co.uk/xml/codelists/localtype.xml#village,,,,North Yorkshire,http://data.ordnancesurvey.co.uk/id/7000000000183627,http://data.ordnancesurvey.co.uk/ontology/admingeo/UnitaryAuthority,Yorkshire and the Humber,http://data.ordnancesurvey.co.uk/id/7000000000041430,England,http://data.ordnancesurvey.co.uk/id/country/england,,,
HG44LD,http://data.ordnancesurvey.co.uk/id/postcodeunit/HG44LD,HG4 4LD,,,,other,Postcode,419837,479698,3500,18000,,,,,,,,,,,,,North Yorkshire,http://data.ordnancesurvey.co.uk/id/7000000000183627,http://data.ordnancesurvey.co.uk/ontology/admingeo/UnitaryAuthority,Yorkshire and the Humber,http://data.ordnancesurvey.co.uk/id/7000000000041430,England,http://data.ordnancesurvey.co.uk/id/country/england,,,
HG35JF,http://data.ordnancesurvey.co.uk/id/postcodeunit/HG35JF,HG3 5JF,,,,other,Postcode,414354,463991,3500,18000,,,,,,,,,,,,,North Yorkshire,http://data.ordnancesurvey.co.uk/id/7000000000183627,http://data.ordnancesurvey.co.uk/ontology/admingeo/UnitaryAuthority,Yorkshire and the Humber,http://data.ordnancesurvey.co.uk/id/7000000000041430,England,http://data.ordnancesurvey.co.uk/id/country/england,,,
BD235EA,http://data.ordnancesurvey.co.uk/id/postcodeunit/BD235EA,BD23 5EA,,,,other,Postcode,402833,462322,3500,18000,,,,,,,Hebden,http://data.ordnancesurvey.co.uk/id/4000000074547511,http://www.ordnancesurvey.co.uk/xml/codelists/localtype.xml#village,,,,North Yorkshire,http://data.ordnancesurvey.co.uk/id/7000000000183627,http://data.ordnancesurvey.co.uk/ontology/admingeo/UnitaryAuthority,Yorkshire and the Humber,http://data.ordnancesurvey.co.uk/id/7000000000041430,England,http://data.ordnancesurvey.co.uk/id/country/england,,,
BD236BZ,http://data.ordnancesurvey.co.uk/id/postcodeunit/BD236BZ,BD23 6BZ,,,,other,Postcode,403120,460958,3500,18000,,,,,,,Burnsall,http://data.ordnancesurvey.co.uk/id/4000000074545783,http://www.ordnancesurvey.co.uk/xml/codelists/localtype.xml#village,,,,North Yorkshire,http://data.ordnancesurvey.co.uk/id/7000000000183627,http://data.ordnancesurvey.co.uk/ontology/admingeo/UnitaryAuthority,Yorkshire and the Humber,http://data.ordnancesurvey.co.uk/id/7000000000041430,England,http://data.ordnancesurvey.co.uk/id/country/england,,,
BD235BN,http://data.ordnancesurvey.co.uk/id/postcodeunit/BD235BN,BD23 5BN,,,,other,Postcode,400252,464469,3500,18000,,,,,,,Grassington,http://data.ordnancesurvey.co.uk/id/4000000074564363,http://www.ordnancesurvey.co.uk/xml/codelists/localtype.xml#village,,,,North Yorkshire,http://data.ordnancesurvey.co.uk/id/7000000000183627,http://data.ordnancesurvey.co.uk/ontology/admingeo/UnitaryAuthority,Yorkshire and the Humber,http://data.ordnancesurvey.co.uk/id/7000000000041430,England,http://data.ordnancesurvey.co.uk/id/country/england,,,
HG35DU,http://data.ordnancesurvey.co.uk/id/postcodeunit/HG35DU,HG3 5DU,,,,other,Postcode,417584,464707,3500,18000,,,,,,,Glasshouses,http://data.ordnancesurvey.co.uk/id/4000000074546007,http://www.ordnancesurvey.co.uk/xml/codelists/localtype.xml#village,,,,North Yorkshire,http://data.ordnancesurvey.co.uk/id/7000000000183627,http://data.ordnancesurvey.co.uk/ontology/admingeo/UnitaryAuthority,Yorkshire and the Humber,http://data.ordnancesurvey.co.uk/id/7000000000041430,England,http://data.ordnancesurvey.co.uk/id/country/england,,,
HG44JZ,http://data.ordnancesurvey.co.uk/id/postcodeunit/HG44JZ,HG4 4JZ,,,,other,Postcode,418037,478700,3500,18000,,,,,,,,,,,,,North Yorkshire,http://data.ordnancesurvey.co.uk/id/7000000000183627,http://data.ordnancesurvey.co.uk/ontology/admingeo/UnitaryAuthority,Yorkshire and the Humber,http://data.ordnancesurvey.co.uk/id/7000000000041430,England,http://data.ordnancesurvey.co.uk/id/country/england,,,
HG35AL,http://data.ordnancesurvey.co.uk/id/postcodeunit/HG35AL,HG3 5AL,,,,other,Postcode,415845,465647,3500,18000,,,,,,,Pateley Bridge,http://data.ordnancesurvey.co.uk/id/4000000074546010,http://www.ordnancesurvey.co.uk/xml/codelists/localtype.xml#town,,,,North Yorkshire,http://data.ordnancesurvey.co.uk/id/7000000000183627,http://data.ordnancesurvey.co.uk/ontology/admingeo/UnitaryAuthority,Yorkshire and the Humber,http://data.ordnancesurvey.co.uk/id/7000000000041430,England,http://data.ordnancesurvey.co.uk/id/country/england,,,
HG35JE,http://data.ordnancesurvey.co.uk/id/postcodeunit/HG35JE,HG3 5JE,,,,other,Postcode,414663,464859,3500,18000,,,,,,,,,,,,,North Yorkshire,http://data.ordnancesurvey.co.uk/id/7000000000183627,http://data.ordnancesurvey.co.uk/ontology/admingeo/UnitaryAuthority,Yorkshire and the Humber,http://data.ordnancesurvey.co.uk/id/7000000000041430,England,http://data.ordnancesurvey.co.uk/id/country/england,,,
BD236BB,http://data.ordnancesurvey.co.uk/id/postcodeunit/BD236BB,BD23 6BB,,,,other,Postcode,401366,461816,3500,18000,,,,,,,Thorpe,http://data.ordnancesurvey.co.uk/id/4000000074545777,http://www.ordnancesurvey.co.uk/xml/codelists/localtype.xml#hamlet,,,,North Yorkshire,http://data.ordnancesurvey.co.uk/id/7000000000183627,http://data.ordnancesurvey.co.uk/ontology/admingeo/UnitaryAuthority,Yorkshire and the Humber,http://data.ordnancesurvey.co.uk/id/7000000000041430,England,http://data.ordnancesurvey.co.uk/id/country/england,,,
HG35LY,http://data.ordnancesurvey.co.uk/id/postcodeunit/HG35LY,HG3 5LY,,,,other,Postcode,416137,465693,3500,18000,,,,,,,Pateley Bridge,http://data.ordnancesurvey.co.uk/id/4000000074546010,http://www.ordnancesurvey.co.uk/xml/codelists/localtype.xml#town,,,,North Yorkshire,http://data.ordnancesurvey.co.uk/id/7000000000183627,http://data.ordnancesurvey.co.uk/ontology/admingeo/UnitaryAuthority,Yorkshire and the Humber,http://data.ordnancesurvey.co.uk/id/7000000000041430,England,http://data.ordnancesurvey.co.uk/id/country/england,,,
HG34AE,http://data.ordnancesurvey.co.uk/id/postcodeunit/HG34AE,HG3 4AE,,,,other,Postcode,418998,460544,3500,18000,,,,,,,Dacre,http://data.ordnancesurvey.co.uk/id/4000000074545999,http://www.ordnancesurvey.co.uk/xml/codelists/localtype.xml#village,,,,North Yorkshire,http://data.ordnancesurvey.co.uk/id/7000000000183627,http://data.ordnancesurvey.co.uk/ontology/admingeo/UnitaryAuthority,Yorkshire and the Humber,http://data.ordnancesurvey.co.uk/id/7000000000041430,England,http://data.ordnancesurvey.co.uk/id/country/england,,,
HG35NG,http://data.ordnancesurvey.co.uk/id/postcodeunit/HG35NG,HG3 5NG,,,,other,Postcode,417328,465607,3500,18000,,,,,,,,,,,,,North Yorkshire,http://data.ordnancesurvey.co.uk/id/7000000000183627,http://data.ordnancesurvey.co.uk/ontology/admingeo/UnitaryAuthority,Yorkshire and the Humber,http://data.ordnancesurvey.co.uk/id/7000000000041430,England,http://data.ordnancesurvey.co.uk/id/country/england,,,
HG35PA,http://data.ordnancesurvey.co.uk/id/postcodeunit/HG35PA,HG3 5PA,,,,other,Postcode,416081,465822,3500,18000,,,,,,,Pateley Bridge,http://data.ordnancesurvey.co.uk/id/4000000074546010,http://www.ordnancesurvey.co.uk/xml/codelists/localtype.xml#town,,,,North Yorkshire,http://data.ordnancesurvey.co.uk/id/7000000000183627,http://data.ordnancesurvey.co.uk/ontology/admingeo/UnitaryAuthority,Yorkshire and the Humber,http://data.ordnancesurvey.co.uk/id/7000000000041430,England,http://data.ordnancesurvey.co.uk/id/country/england,,,
HG35QF,http://data.ordnancesurvey.co.uk/id/postcodeunit/HG35QF,HG3 5QF,,,,other,Postcode,416544,464605,3500,18000,,,,,,,,,,,,,North Yorkshire,http://data.ordnancesurvey.co.uk/id/7000000000183627,http://data.ordnancesurvey.co.uk/ontology/admingeo/UnitaryAuthority,Yorkshire and the Humber,http://data.ordnancesurvey.co.uk/id/7000000000041430,England,http://data.ordnancesurvey.co.uk/id/country/england,,,
HG35HG,http://data.ordnancesurvey.co.uk/id/postcodeunit/HG35HG,HG3 5HG,,,,other,Postcode,415588,465372,3500,18000,,,,,,,Pateley Bridge,http://data.ordnancesurvey.co.uk/id/4000000074546010,http://www.ordnancesurvey.co.uk/xml/codelists/localtype.xml#town,,,,North Yorkshire,http://data.ordnancesurvey.co.uk/id/7000000000183627,http://data.ordnancesurvey.co.uk/ontology/admingeo/UnitaryAuthority,Yorkshire and the Humber,http://data.ordnancesurvey.co.uk/id/7000000000041430,England,http://data.ordnancesurvey.co.uk/id/country/england,,,
HG34DF,http://data.ordnancesurvey.co.uk/id/postcodeunit/HG34DF,HG3 4DF,,,,other,Postcode,419010,464175,3500,18000,,,,,,,Smelthouses,http://data.ordnancesurvey.co.uk/id/4000000074545781,http://www.ordnancesurvey.co.uk/xml/codelists/localtype.xml#hamlet,,,,North Yorkshire,http://data.ordnancesurvey.co.uk/id/7000000000183627,http://data.ordnancesurvey.co.uk/ontology/admingeo/UnitaryAuthority,Yorkshire and the Humber,http://data.ordnancesurvey.co.uk/id/7000000000041430,England,http://data.ordnancesurvey.co.uk/id/country/england,,,
HG35EF,http://data.ordnancesurvey.co.uk/id/postcodeunit/HG35EF,HG3 5EF,,,,other,Postcode,418253,464898,3500,18000,,,,,,,Wilsill,http://data.ordnancesurvey.co.uk/id/4000000074546006,http://www.ordnancesurvey.co.uk/xml/codelists/localtype.xml#village,,,,North Yorkshire,http://data.ordnancesurvey.co.uk/id/7000000000183627,http://data.ordnancesurvey.co.uk/ontology/admingeo/UnitaryAuthority,Yorkshire and the Humber,http://data.ordnancesurvey.co.uk/id/7000000000041430,England,http://data.ordnancesurvey.co.uk/id/country/england,,,
HG35QQ,http://data.ordnancesurvey.co.uk/id/postcodeunit/HG35QQ,HG3 5QQ,,,,other,Postcode,417336,463916,3500,18000,,,,,,,,,,,,,North Yorkshire,http://data.ordnancesurvey.co.uk/id/7000000000183627,http://data.ordnancesurvey.co.uk/ontology/admingeo/UnitaryAuthority,Yorkshire and the Humber,http://data.ordnancesurvey.co.uk/id/7000000000041430,England,http://data.ordnancesurvey.co.uk/id/country/england,,,
HG35JJ,http://data.ordnancesurvey.co.uk/id/postcodeunit/HG35JJ,HG3 5JJ,,,,other,Postcode,411925,463088,3500,18000,,,,,,,,,,,,,North Yorkshire,http://data.ordnancesurvey.co.uk/id/7000000000183627,http://data.ordnancesurvey.co.uk/ontology/admingeo/UnitaryAuthority,Yorkshire and the Humber,http://data.ordnancesurvey.co.uk/id/7000000000041430,England,http://data.ordnancesurvey.co.uk/id/country/england,,,
HG34JW,http://data.ordnancesurvey.co.uk/id/postcodeunit/HG34JW,HG3 4JW,,,,other,Postcode,419870,462749,3500,18000,,,,,,,Summerbridge,http://data.ordnancesurvey.co.uk/id/4000000074545779,http://www.ordnancesurvey.co.uk/xml/codelists/localtype.xml#village,,,,North Yorkshire,http://data.ordnancesurvey.co.uk/id/7000000000183627,http://data.ordnancesurvey.co.uk/ontology/admingeo/UnitaryAuthority,Yorkshire and the Humber,http://data.ordnancesurvey.co.uk/id/7000000000041430,England,http://data.ordnancesurvey.co.uk/id/country/england,,,
HG34BT,http://data.ordnancesurvey.co.uk/id/postcodeunit/HG34BT,HG3 4BT,,,,other,Postcode,419519,463130,3500,18000,,,,,,,Summerbridge,http://data.ordnancesurvey.co.uk/id/4000000074545779,http://www.ordnancesurvey.co.uk/xml/codelists/localtype.xml#village,,,,North Yorkshire,http://data.ordnancesurvey.co.uk/id/7000000000183627,http://data.ordnancesurvey.co.uk/ontology/admingeo/UnitaryAuthority,Yorkshire and the Humber,http://data.ordnancesurvey.co.uk/id/7000000000041430,England,http://data.ordnancesurvey.co.uk/id/country/england,,,
HG34LA,http://data.ordnancesurvey.co.uk/id/postcodeunit/HG34LA,HG3 4LA,,,,other,Postcode,419539,462951,3500,18000,,,,,,,Summerbridge,http://data.ordnancesurvey.co.uk/id/4000000074545779,http://www.ordnancesurvey.co.uk/xml/codelists/localtype.xml#village,,,,North Yorkshire,http://data.ordnancesurvey.co.uk/id/7000000000183627,http://data.ordnancesurvey.co.uk/ontology/admingeo/UnitaryAuthority,Yorkshire and the Humber,http://data.ordnancesurvey.co.uk/id/7000000000041430,England,http://data.ordnancesurvey.co.uk/id/country/england,,,
HG35PS,http://data.ordnancesurvey.co.uk/id/postcodeunit/HG35PS,HG3 5PS,,,,other,Postcode,413893,468997,3500,18000,,,,,,,,,,,,,North Yorkshire,http://data.ordnancesurvey.co.uk/id/7000000000183627,http://data.ordnancesurvey.co.uk/ontology/admingeo/UnitaryAuthority,Yorkshire and the Humber,http://data.ordnancesurvey.co.uk/id/7000000000041430,England,http://data.ordnancesurvey.co.uk/id/country/england,,,
HG34AS,http://data.ordnancesurvey.co.uk/id/postcodeunit/HG34AS,HG3 4AS,,,,other,Postcode,414959,461021,3500,18000,,,,,,,,,,,,,North Yorkshire,http://data.ordnancesurvey.co.uk/id/7000000000183627,http://data.ordnancesurvey.co.uk/ontology/admingeo/UnitaryAuthority,Yorkshire and the Humber,http://data.ordnancesurvey.co.uk/id/7000000000041430,England,http://data.ordnancesurvey.co.uk/id/country/england,,,
HG35HH,http://data.ordnancesurvey.co.uk/id/postcodeunit/HG35HH,HG3 5HH,,,,other,Postcode,415511,465382,3500,18000,,,,,,,Pateley Bridge,http://data.ordnancesurvey.co.uk/id/4000000074546010,http://www.ordnancesurvey.co.uk/xml/codelists/localtype.xml#town,,,,North Yorkshire,http://data.ordnancesurvey.co.uk/id/7000000000183627,http://data.ordnancesurvey.co.uk/ontology/admingeo/UnitaryAuthority,Yorkshire and the Humber,http://data.ordnancesurvey.co.uk/id/7000000000041430,England,http://data.ordnancesurvey.co.uk/id/country/england,,,
HG34DN,http://data.ordnancesurvey.co.uk/id/postcodeunit/HG34DN,HG3 4DN,,,,other,Postcode,419739,463602,3500,18000,,,,,,,,,,,,,North Yorkshire,http://data.ordnancesurvey.co.uk/id/7000000000183627,http://data.ordnancesurvey.co.uk/ontology/admingeo/UnitaryAuthority,Yorkshire and the Humber,http://data.ordnancesurvey.co.uk/id/7000000000041430,England,http://data.ordnancesurvey.co.uk/id/country/england,,,
HG35AW,http://data.ordnancesurvey.co.uk/id/postcodeunit/HG35AW,HG3 5AW,,,,other,Postcode,415807,465589,3500,18000,,,,,,,Pateley Bridge,http://data.ordnancesurvey.co.uk/id/4000000074546010,http://www.ordnancesurvey.co.uk/xml/codelists/localtype.xml#town,,,,North Yorkshire,http://data.ordnancesurvey.co.uk/id/7000000000183627,http://data.ordnancesurvey.co.uk/ontology/admingeo/UnitaryAuthority,Yorkshire and the Humber,http://data.ordnancesurvey.co.uk/id/7000000000041430,England,http://data.ordnancesurvey.co.uk/id/country/england,,,
osgb4000000010966125,http://data.ordnancesurvey.co.uk/id/4000000010966125,The Avenue,,,,transportNetwork,Named Road,416015,465641,1000,20000,416005,465604,416058,465693,HG3,http://data.ordnancesurvey.co.uk/id/postcodedistrict/HG3,Pateley Bridge,http://data.ordnancesurvey.co.uk/id/4000000074546010,http://www.ordnancesurvey.co.uk/xml/codelists/localtype.xml#town,,,,North Yorkshire,http://data.ordnancesurvey.co.uk/id/7000000000183627,http://data.ordnancesurvey.co.uk/ontology/admingeo/UnitaryAuthority,Yorkshire and the Humber,http://data.ordnancesurvey.co.uk/id/7000000000041430,England,http://data.ordnancesurvey.co.uk/id/country/england,,,
HG35AY,http://data.ordnancesurvey.co.uk/id/postcodeunit/HG35AY,HG3 5AY,,,,other,Postcode,415665,465705,3500,18000,,,,,,,Pateley Bridge,http://data.ordnancesurvey.co.uk/id/4000000074546010,http://www.ordnancesurvey.co.uk/xml/codelists/localtype.xml#town,,,,North Yorkshire,http://data.ordnancesurvey.co.uk/id/7000000000183627,http://data.ordnancesurvey.co.uk/ontology/admingeo/UnitaryAuthority,Yorkshire and the Humber,http://data.ordnancesurvey.co.uk/id/7000000000041430,England,http://data.ordnancesurvey.co.uk/id/country/england,,,
HG34DH,http://data.ordnancesurvey.co.uk/id/postcodeunit/HG34DH,HG3 4DH,,,,other,Postcode,419182,464213,3500,18000,,,,,,,Smelthouses,http://data.ordnancesurvey.co.uk/id/4000000074545781,http://www.ordnancesurvey.co.uk/xml/codelists/localtype.xml#hamlet,,,,North Yorkshire,http://data.ordnancesurvey.co.uk/id/7000000000183627,http://data.ordnancesurvey.co.uk/ontology/admingeo/UnitaryAuthority,Yorkshire and the Humber,http://data.ordnancesurvey.co.uk/id/7000000000041430,England,http://data.ordnancesurvey.co.uk/id/country/england,,,
21ceae53-02d2-4fc9-ac38-1829ffcb13d7,http://data.ordnancesurvey.co.uk/id/21ceae53-02d2-4fc9-ac38-1829ffcb13d7,Ripley Bank,,,,transportNetwork,Section Of Named Road,416132,465303,1000,25000,416062,465223,416253,465373,HG3,http://data.ordnancesurvey.co.uk/id/postcodedistrict/HG3,Pateley Bridge,http://data.ordnancesurvey.co.uk/id/4000000074546010,http://www.ordnancesurvey.co.uk/xml/codelists/localtype.xml#town,,,,North Yorkshire,http://data.ordnancesurvey.co.uk/id/7000000000183627,http://data.ordnancesurvey.co.uk/ontology/admingeo/UnitaryAuthority,Yorkshire and the Humber,http://data.ordnancesurvey.co.uk/id/7000000000041430,England,http://data.ordnancesurvey.co.uk/id/country/england,osgb4000000010927110,,
osgb4000000010940818,http://data.ordnancesurvey.co.uk/id/4000000010940818,Low Lane,,,,transportNetwork,Named Road,400468,464004,2000,20000,400386,463884,400552,464129,BD23,http://data.ordnancesurvey.co.uk/id/postcodedistrict/BD23,,,,,,,North Yorkshire,http://data.ordnancesurvey.co.uk/id/7000000000183627,http://data.ordnancesurvey.co.uk/ontology/admingeo/UnitaryAuthority,Yorkshire and the Humber,http://data.ordnancesurvey.co.uk/id/7000000000041430,England,http://data.ordnancesurvey.co.uk/id/country/england,,,
osgb4000000010969701,http://data.ordnancesurvey.co.uk/id/4000000010969701,Browns Fold,,,,transportNetwork,Named Road,400258,464090,1000,20000,400243,464078,400271,464117,BD23,http://data.ordnancesurvey.co.uk/id/postcodedistrict/BD23,Grassington,http://data.ordnancesurvey.co.uk/id/4000000074564363,http://www.ordnancesurvey.co.uk/xml/codelists/localtype.xml#village,,,,North Yorkshire,http://data.ordnancesurvey.co.uk/id/7000000000183627,http://data.ordnancesurvey.co.uk/ontology/admingeo/UnitaryAuthority,Yorkshire and the Humber,http://data.ordnancesurvey.co.uk/id/7000000000041430,England,http://data.ordnancesurvey.co.uk/id/country/england,,,
osgb4000000010954780,http://data.ordnancesurvey.co.uk/id/4000000010954780,Wood Lane,,,,transportNetwork,Named Road,400139,464023,1000,20000,400080,463946,400191,464093,BD23,http://data.ordnancesurvey.co.uk/id/postcodedistrict/BD23,Grassington,http://data.ordnancesurvey.co.uk/id/4000000074564363,http://www.ordnancesurvey.co.uk/xml/codelists/localtype.xml#village,,,,North Yorkshire,http://data.ordnancesurvey.co.uk/id/7000000000183627,http://data.ordnancesurvey.co.uk/ontology/admingeo/UnitaryAuthority,Yorkshire and the Humber,http://data.ordnancesurvey.co.uk/id/7000000000041430,England,http://data.ordnancesurvey.co.uk/id/country/england,,,
osgb4000000010930706,http://data.ordnancesurvey.co.uk/id/4000000010930706,Pott Moor High Road,,,,transportNetwork,Named Road,414278,477856,4000,20000,414028,477592,414711,477991,HG4,http://data.ordnancesurvey.co.uk/id/postcodedistrict/HG4,,,,,,,North Yorkshire,http://data.ordnancesurvey.co.uk/id/7000000000183627,http://data.ordnancesurvey.co.uk/ontology/admingeo/UnitaryAuthority,Yorkshire and the Humber,http://data.ordnancesurvey.co.uk/id/7000000000041430,England,http://data.ordnancesurvey.co.uk/id/country/england,,,
osgb4000000011114541,http://data.ordnancesurvey.co.uk/id/4000000011114541,Forest Court,,,,transportNetwork,Named Road,416024,465518,1000,20000,416006,465515,416041,465518,HG3,http://data.ordnancesurvey.co.uk/id/postcodedistrict/HG3,Pateley Bridge,http://data.ordnancesurvey.co.uk/id/4000000074546010,http://www.ordnancesurvey.co.uk/xml/codelists/localtype.xml#town,,,,North Yorkshire,http://data.ordnancesurvey.co.uk/id/7000000000183627,http://data.ordnancesurvey.co.uk/ontology/admingeo/UnitaryAuthority,Yorkshire and the Humber,http://data.ordnancesurvey.co.uk/id/7000000000041430,England,http://data.ordnancesurvey.co.uk/id/country/england,,,
80934393-c434-4cb1-b650-ba9e4d73dc61,http://data.ordnancesurvey.co.uk/id/80934393-c434-4cb1-b650-ba9e4d73dc61,Sedber Lane,,,,transportNetwork,Section Of Named Road,400267,463633,1000,25000,400200,463562,400347,463703,BD23,http://data.ordnancesurvey.co.uk/id/postcodedistrict/BD23,Grassington,http://data.ordnancesurvey.co.uk/id/4000000074564363,http://www.ordnancesurvey.co.uk/xml/codelists/localtype.xml#village,,,,North Yorkshire,http://data.ordnancesurvey.co.uk/id/7000000000183627,http://data.ordnancesurvey.co.uk/ontology/admingeo/UnitaryAuthority,Yorkshire and the Humber,http://data.ordnancesurvey.co.uk/id/7000000000041430,England,http://data.ordnancesurvey.co.uk/id/country/england,osgb4000000010954777,,
osgb4000000010937527,http://data.ordnancesurvey.co.uk/id/4000000010937527,Harewell Close,,,,transportNetwork,Named Road,417270,464492,1000,20000,417191,464423,417373,464539,HG3,http://data.ordnancesurvey.co.uk/id/postcodedistrict/HG3,Glasshouses,http://data.ordnancesurvey.co.uk/id/4000000074546007,http://www.ordnancesurvey.co.uk/xml/codelists/localtype.xml#village,,,,North Yorkshire,http://data.ordnancesurvey.co.uk/id/7000000000183627,http://data.ordnancesurvey.co.uk/ontology/admingeo/UnitaryAuthority,Yorkshire and the Humber,http://data.ordnancesurvey.co.uk/id/7000000000041430,England,http://data.ordnancesurvey.co.uk/id/country/england,,,
osgb4000000011245394,http://data.ordnancesurvey.co.uk/id/4000000011245394,Back Lane,,,,transportNetwork,Named Road,402916,460938,3000,20000,402701,460862,403157,460991,BD23,http://data.ordnancesurvey.co.uk/id/postcodedistrict/BD23,,,,,,,North Yorkshire,http://data.ordnancesurvey.co.uk/id/7000000000183627,http://data.ordnancesurvey.co.uk/ontology/admingeo/UnitaryAuthority,Yorkshire and the Humber,http://data.ordnancesurvey.co.uk/id/7000000000041430,England,http://data.ordnancesurvey.co.uk/id/country/england,,,
osgb4000000010932597,http://data.ordnancesurvey.co.uk/id/4000000010932597,Garrs Lane,,,,transportNetwork,Named Road,400311,464062,1000,20000,400233,463988,400355,464206,BD23,http://data.ordnancesurvey.co.uk/id/postcodedistrict/BD23,Grassington,http://data.ordnancesurvey.co.uk/id/4000000074564363,http://www.ordnancesurvey.co.uk/xml/codelists/localtype.xml#village,,,,North Yorkshire,http://data.ordnancesurvey.co.uk/id/7000000000183627,http://data.ordnancesurvey.co.uk/ontology/admingeo/UnitaryAuthority,Yorkshire and the Humber,http://data.ordnancesurvey.co.uk/id/7000000000041430,England,http://data.ordnancesurvey.co.uk/id/country/england,,,
e22f84f4-bf2d-4dd4-8619-46f7541ad363,http://data.ordnancesurvey.co.uk/id/e22f84f4-bf2d-4dd4-8619-46f7541ad363,Grange Lane,,,,transportNetwork,Section Of Named Road,414703,466525,1000,25000,414684,466512,414745,466532,HG3,http://data.ordnancesurvey.co.uk/id/postcodedistrict/HG3,Pateley Bridge,http://data.ordnancesurvey.co.uk/id/4000000074546010,http://www.ordnancesurvey.co.uk/xml/codelists/localtype.xml#town,,,,North Yorkshire,http://data.ordnancesurvey.co.uk/id/7000000000183627,http://data.ordnancesurvey.co.uk/ontology/admingeo/UnitaryAuthority,Yorkshire and the Humber,http://data.ordnancesurvey.co.uk/id/7000000000041430,England,http://data.ordnancesurvey.co.uk/id/country/england,osgb4000000010927214,,
osgb5000005232456577,http://data.ordnancesurvey.co.uk/id/5000005232456577,Mill Lane,,,,transportNetwork,Named Road,403091,461377,1000,20000,403062,461335,403139,461430,BD23,http://data.ordnancesurvey.co.uk/id/postcodedistrict/BD23,,,,,,,North Yorkshire,http://data.ordnancesurvey.co.uk/id/7000000000183627,http://data.ordnancesurvey.co.uk/ontology/admingeo/UnitaryAuthority,Yorkshire and the Humber,http://data.ordnancesurvey.co.uk/id/7000000000041430,England,http://data.ordnancesurvey.co.uk/id/country/england,,,
osgb4000000011114539,http://data.ordnancesurvey.co.uk/id/4000000011114539,Mill Lane,,,,transportNetwork,Named Road,415686,465578,1000,20000,415621,465559,415748,465611,HG3,http://data.ordnancesurvey.co.uk/id/postcodedistrict/HG3,Pateley Bridge,http://data.ordnancesurvey.co.uk/id/4000000074546010,http://www.ordnancesurvey.co.uk/xml/codelists/localtype.xml#town,,,,North Yorkshire,http://data.ordnancesurvey.co.uk/id/7000000000183627,http://data.ordnancesurvey.co.uk/ontology/admingeo/UnitaryAuthority,Yorkshire and the Humber,http://data.ordnancesurvey.co.uk/id/7000000000041430,England,http://data.ordnancesurvey.co.uk/id/country/england,,,
osgb5000005232275049,http://data.ordnancesurvey.co.uk/id/5000005232275049,Duke's New Road,,,,transportNetwork,Named Road,402193,466275,9000,20000,401505,465816,402873,466722,BD23,http://data.ordnancesurvey.co.uk/id/postcodedistrict/BD23,,,,,,,North Yorkshire,http://data.ordnancesurvey.co.uk/id/7000000000183627,http://data.ordnancesurvey.co.uk/ontology/admingeo/UnitaryAuthority,Yorkshire and the Humber,http://data.ordnancesurvey.co.uk/id/7000000000041430,England,http://data.ordnancesurvey.co.uk/id/country/england,,,
7909f989-27ed-490b-a2fc-da5cd3f3afa6,http://data.ordnancesurvey.co.uk/id/7909f989-27ed-490b-a2fc-da5cd3f3afa6,Station Road,,,,transportNetwork,Section Of Named Road,400042,463882,2000,25000,399832,463849,400214,463948,BD23,http://data.ordnancesurvey.co.uk/id/postcodedistrict/BD23,Grassington,http://data.ordnancesurvey.co.uk/id/4000000074564363,http://www.ordnancesurvey.co.uk/xml/codelists/localtype.xml#village,,,,North Yorkshire,http://data.ordnancesurvey.co.uk/id/7000000000183627,http://data.ordnancesurvey.co.uk/ontology/admingeo/UnitaryAuthority,Yorkshire and the Humber,http://data.ordnancesurvey.co.uk/id/7000000000041430,England,http://data.ordnancesurvey.co.uk/id/country/england,osgb4000000010928285,,
osgb5000005231369216,http://data.ordnancesurvey.co.uk/id/5000005231369216,Potter Lane,,,,transportNetwork,Named Road,417540,472356,1000,20000,417509,472283,417566,472412,HG4,http://data.ordnancesurvey.co.uk/id/postcodedistrict/HG4,,,,,,,North Yorkshire,http://data.ordnancesurvey.co.uk/id/7000000000183627,http://data.ordnancesurvey.co.uk/ontology/admingeo/UnitaryAuthority,Yorkshire and the Humber,http://data.ordnancesurvey.co.uk/id/7000000000041430,England,http://data.ordnancesurvey.co.uk/id/country/england,,,
osgb4000000010937509,http://data.ordnancesurvey.co.uk/id/4000000010937509,Old Church Lane,,,,transportNetwork,Named Road,416117,465689,2000,20000,415948,465647,416252,465712,HG3,http://data.ordnancesurvey.co.uk/id/postcodedistrict/HG3,Pateley Bridge,http://data.ordnancesurvey.co.uk/id/4000000074546010,http://www.ordnancesurvey.co.uk/xml/codelists/localtype.xml#town,,,,North Yorkshire,http://data.ordnancesurvey.co.uk/id/7000000000183627,http://data.ordnancesurvey.co.uk/ontology/admingeo/UnitaryAuthority,Yorkshire and the Humber,http://data.ordnancesurvey.co.uk/id/7000000000041430,England,http://data.ordnancesurvey.co.uk/id/country/england,,,
osgb4000000010937506,http://data.ordnancesurvey.co.uk/id/4000000010937506,Low Wath Road,,,,transportNetwork,Named Road,415385,465686,3000,20000,415272,465472,415519,465887,HG3,http://data.ordnancesurvey.co.uk/id/postcodedistrict/HG3,Pateley Bridge,http://data.ordnancesurvey.co.uk/id/4000000074546010,http://www.ordnancesurvey.co.uk/xml/codelists/localtype.xml#town,,,,North Yorkshire,http://data.ordnancesurvey.co.uk/id/7000000000183627,http://data.ordnancesurvey.co.uk/ontology/admingeo/UnitaryAuthority,Yorkshire and the Humber,http://data.ordnancesurvey.co.uk/id/7000000000041430,England,http://data.ordnancesurvey.co.uk/id/country/england,,,
osgb4000000010937507,http://data.ordnancesurvey.co.uk/id/4000000010937507,Ashfield Court Road,,,,transportNetwork,Named Road,415315,465683,1000,20000,415254,465618,415396,465777,HG3,http://data.ordnancesurvey.co.uk/id/postcodedistrict/HG3,Pateley Bridge,http://data.ordnancesurvey.co.uk/id/4000000074546010,http://www.ordnancesurvey.co.uk/xml/codelists/localtype.xml#town,,,,North Yorkshire,http://data.ordnancesurvey.co.uk/id/7000000000183627,http://data.ordnancesurvey.co.uk/ontology/admingeo/UnitaryAuthority,Yorkshire and the Humber,http://data.ordnancesurvey.co.uk/id/7000000000041430,England,http://data.ordnancesurvey.co.uk/id/country/england,,,
307c40d2-d0e2-4ca5-9de6-2534a3064782,http://data.ordnancesurvey.co.uk/id/307c40d2-d0e2-4ca5-9de6-2534a3064782,Back Lane,,,,transportNetwork,Section Of Named Road,414818,467726,1000,25000,414807,467694,414849,467767,HG3,http://data.ordnancesurvey.co.uk/id/postcodedistrict/HG3,Wath,http://data.ordnancesurvey.co.uk/id/4000000074547280,http://www.ordnancesurvey.co.uk/xml/codelists/localtype.xml#hamlet,,,,North Yorkshire,http://data.ordnancesurvey.co.uk/id/7000000000183627,http://data.ordnancesurvey.co.uk/ontology/admingeo/UnitaryAuthority,Yorkshire and the Humber,http://data.ordnancesurvey.co.uk/id/7000000000041430,England,http://data.ordnancesurvey.co.uk/id/country/england,osgb4000000010966717,,
osgb4000000011114536,http://data.ordnancesurvey.co.uk/id/4000000011114536,Ripon Road,,,,transportNetwork,Named Road,416006,465515,2000,20000,415948,465373,416062,465663,HG3,http://data.ordnancesurvey.co.uk/id/postcodedistrict/HG3,Pateley Bridge,http://data.ordnancesurvey.co.uk/id/4000000074546010,http://www.ordnancesurvey.co.uk/xml/codelists/localtype.xml#town,,,,North Yorkshire,http://data.ordnancesurvey.co.uk/id/7000000000183627,http://data.ordnancesurvey.co.uk/ontology/admingeo/UnitaryAuthority,Yorkshire and the Humber,http://data.ordnancesurvey.co.uk/id/7000000000041430,England,http://data.ordnancesurvey.co.uk/id/country/england,,,
osgb5000005232279671,http://data.ordnancesurvey.co.uk/id/5000005232279671,The Rakes,,,,transportNetwork,Named Road,405009,460323,2000,20000,404962,460177,405027,460473,BD23,http://data.ordnancesurvey.co.uk/id/postcodedistrict/BD23,,,,,,,North Yorkshire,http://data.ordnancesurvey.co.uk/id/7000000000183627,http://data.ordnancesurvey.co.uk/ontology/admingeo/UnitaryAuthority,Yorkshire and the Humber,http://data.ordnancesurvey.co.uk/id/7000000000041430,England,http://data.ordnancesurvey.co.uk/id/country/england,,,
osgb4000000011124803,http://data.ordnancesurvey.co.uk/id/4000000011124803,Birch Lane,,,,transportNetwork,Named Road,419382,462264,2000,20000,419216,462134,419558,462413,HG3,http://data.ordnancesurvey.co.uk/id/postcodedistrict/HG3,,,,,,,North Yorkshire,http://data.ordnancesurvey.co.uk/id/7000000000183627,http://data.ordnancesurvey.co.uk/ontology/admingeo/UnitaryAuthority,Yorkshire and the Humber,http://data.ordnancesurvey.co.uk/id/7000000000041430,England,http://data.ordnancesurvey.co.uk/id/country/england,,,
osgb4000000010954774,http://data.ordnancesurvey.co.uk/id/4000000010954774,Church Lane,,,,transportNetwork,Named Road,403232,461535,1000,20000,403203,461509,403276,461569,BD23,http://data.ordnancesurvey.co.uk/id/postcodedistrict/BD23,Burnsall,http://data.ordnancesurvey.co.uk/id/4000000074545783,http://www.ordnancesurvey.co.uk/xml/codelists/localtype.xml#village,,,,North Yorkshire,http://data.ordnancesurvey.co.uk/id/7000000000183627,http://data.ordnancesurvey.co.uk/ontology/admingeo/UnitaryAuthority,Yorkshire and the Humber,http://data.ordnancesurvey.co.uk/id/7000000000041430,England,http://data.ordnancesurvey.co.uk/id/country/england,,,
osgb4000000010954791,http://data.ordnancesurvey.co.uk/id/4000000010954791,Church Lane,,,,transportNetwork,Named Road,402628,463000,1000,20000,402574,462964,402660,463018,BD23,http://data.ordnancesurvey.co.uk/id/postcodedistrict/BD23,Hebden,http://data.ordnancesurvey.co.uk/id/4000000074547511,http://www.ordnancesurvey.co.uk/xml/codelists/localtype.xml#village,,,,North Yorkshire,http://data.ordnancesurvey.co.uk/id/7000000000183627,http://data.ordnancesurvey.co.uk/ontology/admingeo/UnitaryAuthority,Yorkshire and the Humber,http://data.ordnancesurvey.co.uk/id/7000000000041430,England,http://data.ordnancesurvey.co.uk/id/country/england,,,
osgb4000000010937849,http://data.ordnancesurvey.co.uk/id/4000000010937849,Blayshaw Lane,,,,transportNetwork,Named Road,409848,472959,2000,20000,409773,472783,409912,473123,HG3,http://data.ordnancesurvey.co.uk/id/postcodedistrict/HG3,,,,,,,North Yorkshire,http://data.ordnancesurvey.co.uk/id/7000000000183627,http://data.ordnancesurvey.co.uk/ontology/admingeo/UnitaryAuthority,Yorkshire and the Humber,http://data.ordnancesurvey.co.uk/id/7000000000041430,England,http://data.ordnancesurvey.co.uk/id/country/england,,,
osgb4000000010930500,http://data.ordnancesurvey.co.uk/id/4000000010930500,Blazefield Bank,,,,transportNetwork,Named Road,417610,465192,5000,20000,417272,464837,417965,465197,HG3,http://data.ordnancesurvey.co.uk/id/postcodedistrict/HG3,Blazefield,http://data.ordnancesurvey.co.uk/id/4000000074546008,http://www.ordnancesurvey.co.uk/xml/codelists/localtype.xml#hamlet,,,,North Yorkshire,http://data.ordnancesurvey.co.uk/id/7000000000183627,http://data.ordnancesurvey.co.uk/ontology/admingeo/UnitaryAuthority,Yorkshire and the Humber,http://data.ordnancesurvey.co.uk/id/7000000000041430,England,http://data.ordnancesurvey.co.uk/id/country/england,,,
fdfce0f8-f061-4b57-acdc-efb3939a3ce2,http://data.ordnancesurvey.co.uk/id/fdfce0f8-f061-4b57-acdc-efb3939a3ce2,Stripe Lane,,,,transportNetwork,Section Of Named Road,411258,464233,1000,25000,411247,464188,411277,464270,HG3,http://data.ordnancesurvey.co.uk/id/postcodedistrict/HG3,Greenhow,http://data.ordnancesurvey.co.uk/id/4000000074331762,http://www.ordnancesurvey.co.uk/xml/codelists/localtype.xml#village,,,,North Yorkshire,http://data.ordnancesurvey.co.uk/id/7000000000183627,http://data.ordnancesurvey.co.uk/ontology/admingeo/UnitaryAuthority,Yorkshire and the Humber,http://data.ordnancesurvey.co.uk/id/7000000000041430,England,http://data.ordnancesurvey.co.uk/id/country/england,osgb4000000011241682,,
osgb5000005231369203,http://data.ordnancesurvey.co.uk/id/5000005231369203,Thrope Lane,,,,transportNetwork,Named Road,410113,474641,12000,20000,410023,473746,410219,475527,HG3,http://data.ordnancesurvey.co.uk/id/postcodedistrict/HG3,,,,,,,North Yorkshire,http://data.ordnancesurvey.co.uk/id/7000000000183627,http://data.ordnancesurvey.co.uk/ontology/admingeo/UnitaryAuthority,Yorkshire and the Humber,http://data.ordnancesurvey.co.uk/id/7000000000041430,England,http://data.ordnancesurvey.co.uk/id/country/england,,,
osgb4000000010966126,http://data.ordnancesurvey.co.uk/id/4000000010966126,Springfield Close,,,,transportNetwork,Named Road,416028,465772,1000,20000,415991,465763,416084,465817,HG3,http://data.ordnancesurvey.co.uk/id/postcodedistrict/HG3,Pateley Bridge,http://data.ordnancesurvey.co.uk/id/4000000074546010,http://www.ordnancesurvey.co.uk/xml/codelists/localtype.xml#town,,,,North Yorkshire,http://data.ordnancesurvey.co.uk/id/7000000000183627,http://data.ordnancesurvey.co.uk/ontology/admingeo/UnitaryAuthority,Yorkshire and the Humber,http://data.ordnancesurvey.co.uk/id/7000000000041430,England,http://data.ordnancesurvey.co.uk/id/country/england,,,
osgb4000000010954778,http://data.ordnancesurvey.co.uk/id/4000000010954778,Aynham Close,,,,transportNetwork,Named Road,400497,463633,1000,20000,400465,463596,400523,463677,BD23,http://data.ordnancesurvey.co.uk/id/postcodedistrict/BD23,Grassington,http://data.ordnancesurvey.co.uk/id/4000000074564363,http://www.ordnancesurvey.co.uk/xml/codelists/localtype.xml#village,,,,North Yorkshire,http://data.ordnancesurvey.co.uk/id/7000000000183627,http://data.ordnancesurvey.co.uk/ontology/admingeo/UnitaryAuthority,Yorkshire and the Humber,http://data.ordnancesurvey.co.uk/id/7000000000041430,England,http://data.ordnancesurvey.co.uk/id/country/england,,,
osgb4000000010925743,http://data.ordnancesurvey.co.uk/id/4000000010925743,New Road,,,,transportNetwork,Named Road,406362,461541,19000,20000,406220,460156,406961,463038,BD23,http://data.ordnancesurvey.co.uk/id/postcodedistrict/BD23,,,,,,,North Yorkshire,http://data.ordnancesurvey.co.uk/id/7000000000183627,http://data.ordnancesurvey.co.uk/ontology/admingeo/UnitaryAuthority,Yorkshire and the Humber,http://data.ordnancesurvey.co.uk/id/7000000000041430,England,http://data.ordnancesurvey.co.uk/id/country/england,,,
osgb4000000010977487,http://data.ordnancesurvey.co.uk/id/4000000010977487,Moor Croft,,,,transportNetwork,Named Road,400358,464255,1000,20000,400355,464232,400370,464270,BD23,http://data.ordnancesurvey.co.uk/id/postcodedistrict/BD23,Grassington,http://data.ordnancesurvey.co.uk/id/4000000074564363,http://www.ordnancesurvey.co.uk/xml/codelists/localtype.xml#village,,,,North Yorkshire,http://data.ordnancesurvey.co.uk/id/7000000000183627,http://data.ordnancesurvey.co.uk/ontology/admingeo/UnitaryAuthority,Yorkshire and the Humber,http://data.ordnancesurvey.co.uk/id/7000000000041430,England,http://data.ordnancesurvey.co.uk/id/country/england,,,
bdc1b6f6-6ed7-43ea-9ff3-7849638c4de7,http://data.ordnancesurvey.co.uk/id/bdc1b6f6-6ed7-43ea-9ff3-7849638c4de7,In Moor Lane,,,,transportNetwork,Section Of Named Road,409168,474321,1000,25000,409104,474275,409206,474362,HG3,http://data.ordnancesurvey.co.uk/id/postcodedistrict/HG3,Middlesmoor,http://data.ordnancesurvey.co.uk/id/4000000074545787,http://www.ordnancesurvey.co.uk/xml/codelists/localtype.xml#village,,,,North Yorkshire,http://data.ordnancesurvey.co.uk/id/7000000000183627,http://data.ordnancesurvey.co.uk/ontology/admingeo/UnitaryAuthority,Yorkshire and the Humber,http://data.ordnancesurvey.co.uk/id/7000000000041430,England,http://data.ordnancesurvey.co.uk/id/country/england,osgb4000000010925775,,
osgb4000000010937530,http://data.ordnancesurvey.co.uk/id/4000000010937530,Sandy Lane,,,,transportNetwork,Named Road,417808,464929,3000,20000,417561,464698,418078,465191,HG3,http://data.ordnancesurvey.co.uk/id/postcodedistrict/HG3,Blazefield,http://data.ordnancesurvey.co.uk/id/4000000074546008,http://www.ordnancesurvey.co.uk/xml/codelists/localtype.xml#hamlet,,,,North Yorkshire,http://data.ordnancesurvey.co.uk/id/7000000000183627,http://data.ordnancesurvey.co.uk/ontology/admingeo/UnitaryAuthority,Yorkshire and the Humber,http://data.ordnancesurvey.co.uk/id/7000000000041430,England,http://data.ordnancesurvey.co.uk/id/country/england,,,
osgb4000000011239433,http://data.ordnancesurvey.co.uk/id/4000000011239433,Netherdale,,,,transportNetwork,Named Road,415730,465603,1000,20000,415707,465583,415730,465603,HG3,http://data.ordnancesurvey.co.uk/id/postcodedistrict/HG3,Pateley Bridge,http://data.ordnancesurvey.co.uk/id/4000000074546010,http://www.ordnancesurvey.co.uk/xml/codelists/localtype.xml#town,,,,North Yorkshire,http://data.ordnancesurvey.co.uk/id/7000000000183627,http://data.ordnancesurvey.co.uk/ontology/admingeo/UnitaryAuthority,Yorkshire and the Humber,http://data.ordnancesurvey.co.uk/id/7000000000041430,England,http://data.ordnancesurvey.co.uk/id/country/england,,,
ac090120-f2d7-477d-9182-bf111201742c,http://data.ordnancesurvey.co.uk/id/ac090120-f2d7-477d-9182-bf111201742c,Burnsall Lane,,,,transportNetwork,Section Of Named Road,402760,462354,1000,25000,402727,462334,402790,462373,BD23,http://data.ordnancesurvey.co.uk/id/postcodedistrict/BD23,Hebden,http://data.ordnancesurvey.co.uk/id/4000000074547511,http://www.ordnancesurvey.co.uk/xml/codelists/localtype.xml#village,,,,North Yorkshire,http://data.ordnancesurvey.co.uk/id/7000000000183627,http://data.ordnancesurvey.co.uk/ontology/admingeo/UnitaryAuthority,Yorkshire and the Humber,http://data.ordnancesurvey.co.uk/id/7000000000041430,England,http://data.ordnancesurvey.co.uk/id/country/england,osgb4000000010928287,,
osgb4000000011207688,http://data.ordnancesurvey.co.uk/id/4000000011207688,Mirefield,,,,transportNetwork,Named Road,400157,464349,1000,20000,400135,464329,400180,464369,BD23,http://data.ordnancesurvey.co.uk/id/postcodedistrict/BD23,Grassington,http://data.ordnancesurvey.co.uk/id/4000000074564363,http://www.ordnancesurvey.co.uk/xml/codelists/localtype.xml#village,,,,North Yorkshire,http://data.ordnancesurvey.co.uk/id/7000000000183627,http://data.ordnancesurvey.co.uk/ontology/admingeo/UnitaryAuthority,Yorkshire and the Humber,http://data.ordnancesurvey.co.uk/id/7000000000041430,England,http://data.ordnancesurvey.co.uk/id/country/england,,,
4bab7782-52b2-44f9-b5a6-d97523f03895,http://data.ordnancesurvey.co.uk/id/4bab7782-52b2-44f9-b5a6-d97523f03895,Nidd Walk,,,,transportNetwork,Section Of Named Road,415902,465462,2000,25000,415748,465289,416012,465576,HG3,http://data.ordnancesurvey.co.uk/id/postcodedistrict/HG3,Pateley Bridge,http://data.ordnancesurvey.co.uk/id/4000000074546010,http://www.ordnancesurvey.co.uk/xml/codelists/localtype.xml#town,,,,North Yorkshire,http://data.ordnancesurvey.co.uk/id/7000000000183627,http://data.ordnancesurvey.co.uk/ontology/admingeo/UnitaryAuthority,Yorkshire and the Humber,http://data.ordnancesurvey.co.uk/id/7000000000041430,England,http://data.ordnancesurvey.co.uk/id/country/england,osgb4000000010937510,,
osgb4000000011124802,http://data.ordnancesurvey.co.uk/id/4000000011124802,Dike Lane,,,,transportNetwork,Named Road,416955,461335,11000,20000,416242,460531,417879,462215,HG3,http://data.ordnancesurvey.co.uk/id/postcodedistrict/HG3,,,,,,,North Yorkshire,http://data.ordnancesurvey.co.uk/id/7000000000183627,http://data.ordnancesurvey.co.uk/ontology/admingeo/UnitaryAuthority,Yorkshire and the Humber,http://data.ordnancesurvey.co.uk/id/7000000000041430,England,http://data.ordnancesurvey.co.uk/id/country/england,,,
osgb4000000010926184,http://data.ordnancesurvey.co.uk/id/4000000010926184,Hartlington Raikes,,,,transportNetwork,Named Road,403774,462027,13000,20000,403746,461076,404265,463120,BD23,http://data.ordnancesurvey.co.uk/id/postcodedistrict/BD23,,,,,,,North Yorkshire,http://data.ordnancesurvey.co.uk/id/7000000000183627,http://data.ordnancesurvey.co.uk/ontology/admingeo/UnitaryAuthority,Yorkshire and the Humber,http://data.ordnancesurvey.co.uk/id/7000000000041430,England,http://data.ordnancesurvey.co.uk/id/country/england,,,
osgb4000000010954775,http://data.ordnancesurvey.co.uk/id/4000000010954775,Linton Falls,,,,transportNetwork,Named Road,400090,463286,1000,20000,400067,463261,400142,463290,BD23,http://data.ordnancesurvey.co.uk/id/postcodedistrict/BD23,Linton,http://data.ordnancesurvey.co.uk/id/4000000074564034,http://www.ordnancesurvey.co.uk/xml/codelists/localtype.xml#village,,,,North Yorkshire,http://data.ordnancesurvey.co.uk/id/7000000000183627,http://data.ordnancesurvey.co.uk/ontology/admingeo/UnitaryAuthority,Yorkshire and the Humber,http://data.ordnancesurvey.co.uk/id/7000000000041430,England,http://data.ordnancesurvey.co.uk/id/country/england,,,
osgb4000000010954782,http://data.ordnancesurvey.co.uk/id/4000000010954782,Highcroft,,,,transportNetwork,Named Road,400143,464469,1000,20000,400071,464431,400195,464490,BD23,http://data.ordnancesurvey.co.uk/id/postcodedistrict/BD23,Grassington,http://data.ordnancesurvey.co.uk/id/4000000074564363,http://www.ordnancesurvey.co.uk/xml/codelists/localtype.xml#village,,,,North Yorkshire,http://data.ordnancesurvey.co.uk/id/7000000000183627,http://data.ordnancesurvey.co.uk/ontology/admingeo/UnitaryAuthority,Yorkshire and the Humber,http://data.ordnancesurvey.co.uk/id/7000000000041430,England,http://data.ordnancesurvey.co.uk/id/country/england,,,
osgb4000000010950333,http://data.ordnancesurvey.co.uk/id/4000000010950333,Southlands,,,,transportNetwork,Named Road,415881,465567,1000,20000,415839,465567,415935,465622,HG3,http://data.ordnancesurvey.co.uk/id/postcodedistrict/HG3,Pateley Bridge,http://data.ordnancesurvey.co.uk/id/4000000074546010,http://www.ordnancesurvey.co.uk/xml/codelists/localtype.xml#town,,,,North Yorkshire,http://data.ordnancesurvey.co.uk/id/7000000000183627,http://data.ordnancesurvey.co.uk/ontology/admingeo/UnitaryAuthority,Yorkshire and the Humber,http://data.ordnancesurvey.co.uk/id/7000000000041430,England,http://data.ordnancesurvey.co.uk/id/country/england,,,
osgb4000000010950359,http://data.ordnancesurvey.co.uk/id/4000000010950359,Thomas Gill Road,,,,transportNetwork,Named Road,419567,462915,1000,20000,419466,462821,419675,463021,HG3,http://data.ordnancesurvey.co.uk/id/postcodedistrict/HG3,Summerbridge,http://data.ordnancesurvey.co.uk/id/4000000074545779,http://www.ordnancesurvey.co.uk/xml/codelists/localtype.xml#village,,,,North Yorkshire,http://data.ordnancesurvey.co.uk/id/7000000000183627,http://data.ordnancesurvey.co.uk/ontology/admingeo/UnitaryAuthority,Yorkshire and the Humber,http://data.ordnancesurvey.co.uk/id/7000000000041430,England,http://data.ordnancesurvey.co.uk/id/country/england,,,
9d6de43f-581e-4875-bcbc-7b72f53dd613,http://data.ordnancesurvey.co.uk/id/9d6de43f-581e-4875-bcbc-7b72f53dd613,Quarry Lane,,,,transportNetwork,Section Of Named Road,415971,465980,1000,25000,415886,465905,416060,466063,HG3,http://data.ordnancesurvey.co.uk/id/postcodedistrict/HG3,Pateley Bridge,http://data.ordnancesurvey.co.uk/id/4000000074546010,http://www.ordnancesurvey.co.uk/xml/codelists/localtype.xml#town,,,,North Yorkshire,http://data.ordnancesurvey.co.uk/id/7000000000183627,http://data.ordnancesurvey.co.uk/ontology/admingeo/UnitaryAuthority,Yorkshire and the Humber,http://data.ordnancesurvey.co.uk/id/7000000000041430,England,http://data.ordnancesurvey.co.uk/id/country/england,osgb4000000010937511,,
osgb4000000010937848,http://data.ordnancesurvey.co.uk/id/4000000010937848,Wath Road,,,,transportNetwork,Named Road,415262,466694,12000,20000,414720,465894,415888,467793,HG3,http://data.ordnancesurvey.co.uk/id/postcodedistrict/HG3,Silver Hill,http://data.ordnancesurvey.co.uk/id/4000000074547285,http://www.ordnancesurvey.co.uk/xml/codelists/localtype.xml#hamlet,,,,North Yorkshire,http://data.ordnancesurvey.co.uk/id/7000000000183627,http://data.ordnancesurvey.co.uk/ontology/admingeo/UnitaryAuthority,Yorkshire and the Humber,http://data.ordnancesurvey.co.uk/id/7000000000041430,England,http://data.ordnancesurvey.co.uk/id/country/england,,,
osgb4000000010950329,http://data.ordnancesurvey.co.uk/id/4000000010950329,King Street,,,,transportNetwork,Named Road,415780,465728,1000,20000,415718,465629,415864,465776,HG3,http://data.ordnancesurvey.co.uk/id/postcodedistrict/HG3,Pateley Bridge,http://data.ordnancesurvey.co.uk/id/4000000074546010,http://www.ordnancesurvey.co.uk/xml/codelists/localtype.xml#town,,,,North Yorkshire,http://data.ordnancesurvey.co.uk/id/7000000000183627,http://data.ordnancesurvey.co.uk/ontology/admingeo/UnitaryAuthority,Yorkshire and the Humber,http://data.ordnancesurvey.co.uk/id/7000000000041430,England,http://data.ordnancesurvey.co.uk/id/country/england,,,
9de8a794-0fcf-4fe7-b7ab-ebea25c26b23,http://data.ordnancesurvey.co.uk/id/9de8a794-0fcf-4fe7-b7ab-ebea25c26b23,Greenhow Hill,,,,transportNetwork,Section Of Named Road,410933,464049,4000,25000,410671,463929,411249,464176,HG3,http://data.ordnancesurvey.co.uk/id/postcodedistrict/HG3,Greenhow,http://data.ordnancesurvey.co.uk/id/4000000074331762,http://www.ordnancesurvey.co.uk/xml/codelists/localtype.xml#village,,,,North Yorkshire,http://data.ordnancesurvey.co.uk/id/7000000000183627,http://data.ordnancesurvey.co.uk/ontology/admingeo/UnitaryAuthority,Yorkshire and the Humber,http://data.ordnancesurvey.co.uk/id/7000000000041430,England,http://data.ordnancesurvey.co.uk/id/country/england,osgb4000000010930467,,
osgb5000005232279929,http://data.ordnancesurvey.co.uk/id/5000005232279929,Kail Lane,,,,transportNetwork,Named Road,404400,460984,5000,20000,404093,460754,404831,461029,BD23,http://data.ordnancesurvey.co.uk/id/postcodedistrict/BD23,,,,,,,North Yorkshire,http://data.ordnancesurvey.co.uk/id/7000000000183627,http://data.ordnancesurvey.co.uk/ontology/admingeo/UnitaryAuthority,Yorkshire and the Humber,http://data.ordnancesurvey.co.uk/id/7000000000041430,England,http://data.ordnancesurvey.co.uk/id/country/england,,,
osgb5000005231390245,http://data.ordnancesurvey.co.uk/id/5000005231390245,Fell Carle Road,,,,transportNetwork,Named Road,406219,477232,8000,20000,405575,477215,406846,477389,HG3,http://data.ordnancesurvey.co.uk/id/postcodedistrict/HG3,,,,,,,North Yorkshire,http://data.ordnancesurvey.co.uk/id/7000000000183627,http://data.ordnancesurvey.co.uk/ontology/admingeo/UnitaryAuthority,Yorkshire and the Humber,http://data.ordnancesurvey.co.uk/id/7000000000041430,England,http://data.ordnancesurvey.co.uk/id/country/england,,,
osgb5000005255522704,http://data.ordnancesurvey.co.uk/id/5000005255522704,Grimwith Road,,,,transportNetwork,Named Road,406019,463573,7000,20000,405973,463029,406313,464062,BD23,http://data.ordnancesurvey.co.uk/id/postcodedistrict/BD23,,,,,,,North Yorkshire,http://data.ordnancesurvey.co.uk/id/7000000000183627,http://data.ordnancesurvey.co.uk/ontology/admingeo/UnitaryAuthority,Yorkshire and the Humber,http://data.ordnancesurvey.co.uk/id/7000000000041430,England,http://data.ordnancesurvey.co.uk/id/country/england,,,
722c86b2-5ac0-4dbf-8477-8edaf3bd465b,http://data.ordnancesurvey.co.uk/id/722c86b2-5ac0-4dbf-8477-8edaf3bd465b,Skyreholme Bank,,,,transportNetwork,Section Of Named Road,406869,460728,1000,25000,406842,460726,406909,460728,BD23,http://data.ordnancesurvey.co.uk/id/postcodedistrict/BD23,Middle Skyreholme,http://data.ordnancesurvey.co.uk/id/4000000074547501,http://www.ordnancesurvey.co.uk/xml/codelists/localtype.xml#hamlet,,,,North Yorkshire,http://data.ordnancesurvey.co.uk/id/7000000000183627,http://data.ordnancesurvey.co.uk/ontology/admingeo/UnitaryAuthority,Yorkshire and the Humber,http://data.ordnancesurvey.co.uk/id/7000000000041430,England,http://data.ordnancesurvey.co.uk/id/country/england,osgb4000000010927085,,
osgb4000000010950336,http://data.ordnancesurvey.co.uk/id/4000000010950336,Greenwood Avenue,,,,transportNetwork,Named Road,415730,465846,1000,20000,415683,465814,415804,465900,HG3,http://data.ordnancesurvey.co.uk/id/postcodedistrict/HG3,Pateley Bridge,http://data.ordnancesurvey.co.uk/id/4000000074546010,http://www.ordnancesurvey.co.uk/xml/codelists/localtype.xml#town,,,,North Yorkshire,http://data.ordnancesurvey.co.uk/id/7000000000183627,http://data.ordnancesurvey.co.uk/ontology/admingeo/UnitaryAuthority,Yorkshire and the Humber,http://data.ordnancesurvey.co.uk/id/7000000000041430,England,http://data.ordnancesurvey.co.uk/id/country/england,,,
osgb5000005250001626,http://data.ordnancesurvey.co.uk/id/5000005250001626,Pott Bank,,,,transportNetwork,Named Road,415126,478076,6000,20000,414711,477991,415600,478283,HG4,http://data.ordnancesurvey.co.uk/id/postcodedistrict/HG4,,,,,,,North Yorkshire,http://data.ordnancesurvey.co.uk/id/7000000000183627,http://data.ordnancesurvey.co.uk/ontology/admingeo/UnitaryAuthority,Yorkshire and the Humber,http://data.ordnancesurvey.co.uk/id/7000000000041430,England,http://data.ordnancesurvey.co.uk/id/country/england,,,
osgb4000000010950328,http://data.ordnancesurvey.co.uk/id/4000000010950328,Millfield Street,,,,transportNetwork,Named Road,415688,465659,1000,20000,415623,465576,415748,465742,HG3,http://data.ordnancesurvey.co.uk/id/postcodedistrict/HG3,Pateley Bridge,http://data.ordnancesurvey.co.uk/id/4000000074546010,http://www.ordnancesurvey.co.uk/xml/codelists/localtype.xml#town,,,,North Yorkshire,http://data.ordnancesurvey.co.uk/id/7000000000183627,http://data.ordnancesurvey.co.uk/ontology/admingeo/UnitaryAuthority,Yorkshire and the Humber,http://data.ordnancesurvey.co.uk/id/7000000000041430,England,http://data.ordnancesurvey.co.uk/id/country/england,,,
osgb4000000010937510,http://data.ordnancesurvey.co.uk/id/4000000010937510,Nidd Walk,,,,transportNetwork,Named Road,415903,465461,2000,20000,415748,465284,416016,465576,HG3,http://data.ordnancesurvey.co.uk/id/postcodedistrict/HG3,Pateley Bridge,http://data.ordnancesurvey.co.uk/id/4000000074546010,http://www.ordnancesurvey.co.uk/xml/codelists/localtype.xml#town,,,,North Yorkshire,http://data.ordnancesurvey.co.uk/id/7000000000183627,http://data.ordnancesurvey.co.uk/ontology/admingeo/UnitaryAuthority,Yorkshire and the Humber,http://data.ordnancesurvey.co.uk/id/7000000000041430,England,http://data.ordnancesurvey.co.uk/id/country/england,,,
osgb4000000010969699,http://data.ordnancesurvey.co.uk/id/4000000010969699,Grasswood Lane,,,,transportNetwork,Named Road,400075,464097,1000,20000,400057,464093,400080,464114,BD23,http://data.ordnancesurvey.co.uk/id/postcodedistrict/BD23,Grassington,http://data.ordnancesurvey.co.uk/id/4000000074564363,http://www.ordnancesurvey.co.uk/xml/codelists/localtype.xml#village,,,,North Yorkshire,http://data.ordnancesurvey.co.uk/id/7000000000183627,http://data.ordnancesurvey.co.uk/ontology/admingeo/UnitaryAuthority,Yorkshire and the Humber,http://data.ordnancesurvey.co.uk/id/7000000000041430,England,http://data.ordnancesurvey.co.uk/id/country/england,,,
osgb4000000010954776,http://data.ordnancesurvey.co.uk/id/4000000010954776,Barden Fell View,,,,transportNetwork,Named Road,400467,463673,1000,20000,400427,463629,400513,463717,BD23,http://data.ordnancesurvey.co.uk/id/postcodedistrict/BD23,Grassington,http://data.ordnancesurvey.co.uk/id/4000000074564363,http://www.ordnancesurvey.co.uk/xml/codelists/localtype.xml#village,,,,North Yorkshire,http://data.ordnancesurvey.co.uk/id/7000000000183627,http://data.ordnancesurvey.co.uk/ontology/admingeo/UnitaryAuthority,Yorkshire and the Humber,http://data.ordnancesurvey.co.uk/id/7000000000041430,England,http://data.ordnancesurvey.co.uk/id/country/england,,,
1b942a52-56a2-47f2-90e9-671fe422be6a,http://data.ordnancesurvey.co.uk/id/1b942a52-56a2-47f2-90e9-671fe422be6a,Skyreholme Lane,,,,transportNetwork,Section Of Named Road,406620,460406,1000,25000,406517,460320,406724,460520,BD23,http://data.ordnancesurvey.co.uk/id/postcodedistrict/BD23,Skyreholme,http://data.ordnancesurvey.co.uk/id/4000000074547500,http://www.ordnancesurvey.co.uk/xml/codelists/localtype.xml#hamlet,,,,North Yorkshire,http://data.ordnancesurvey.co.uk/id/7000000000183627,http://data.ordnancesurvey.co.uk/ontology/admingeo/UnitaryAuthority,Yorkshire and the Humber,http://data.ordnancesurvey.co.uk/id/7000000000041430,England,http://data.ordnancesurvey.co.uk/id/country/england,osgb4000000010930461,,
478e8342-7939-42bd-b0a3-08c7c111b1ce,http://data.ordnancesurvey.co.uk/id/478e8342-7939-42bd-b0a3-08c7c111b1ce,Skyreholme Bank,,,,transportNetwork,Section Of Named Road,407245,460831,3000,25000,407049,460747,407454,460909,BD23,http://data.ordnancesurvey.co.uk/id/postcodedistrict/BD23,High Skyreholme,http://data.ordnancesurvey.co.uk/id/4000000074547499,http://www.ordnancesurvey.co.uk/xml/codelists/localtype.xml#hamlet,,,,North Yorkshire,http://data.ordnancesurvey.co.uk/id/7000000000183627,http://data.ordnancesurvey.co.uk/ontology/admingeo/UnitaryAuthority,Yorkshire and the Humber,http://data.ordnancesurvey.co.uk/id/7000000000041430,England,http://data.ordnancesurvey.co.uk/id/country/england,osgb4000000010927085,,
osgb5000005232279592,http://data.ordnancesurvey.co.uk/id/5000005232279592,Mere Lane,,,,transportNetwork,Named Road,402281,465000,3000,20000,402114,464740,402511,465277,BD23,http://data.ordnancesurvey.co.uk/id/postcodedistrict/BD23,,,,,,,North Yorkshire,http://data.ordnancesurvey.co.uk/id/7000000000183627,http://data.ordnancesurvey.co.uk/ontology/admingeo/UnitaryAuthority,Yorkshire and the Humber,http://data.ordnancesurvey.co.uk/id/7000000000041430,England,http://data.ordnancesurvey.co.uk/id/country/england,,,
osgb4000000010937511,http://data.ordnancesurvey.co.uk/id/4000000010937511,Quarry Lane,,,,transportNetwork,Named Road,416030,466023,2000,20000,415886,465905,416125,466179,HG3,http://data.ordnancesurvey.co.uk/id/postcodedistrict/HG3,Pateley Bridge,http://data.ordnancesurvey.co.uk/id/4000000074546010,http://www.ordnancesurvey.co.uk/xml/codelists/localtype.xml#town,,,,North Yorkshire,http://data.ordnancesurvey.co.uk/id/7000000000183627,http://data.ordnancesurvey.co.uk/ontology/admingeo/UnitaryAuthority,Yorkshire and the Humber,http://data.ordnancesurvey.co.uk/id/7000000000041430,England,http://data.ordnancesurvey.co.uk/id/country/england,,,
osgb4000000010927091,http://data.ordnancesurvey.co.uk/id/4000000010927091,Foldshaw Lane,,,,transportNetwork,Named Road,415838,461069,15000,20000,415644,459897,416242,462215,HG3,http://data.ordnancesurvey.co.uk/id/postcodedistrict/HG3,,,,,,,North Yorkshire,http://data.ordnancesurvey.co.uk/id/7000000000183627,http://data.ordnancesurvey.co.uk/ontology/admingeo/UnitaryAuthority,Yorkshire and the Humber,http://data.ordnancesurvey.co.uk/id/7000000000041430,England,http://data.ordnancesurvey.co.uk/id/country/england,,,
osgb4000000010930690,http://data.ordnancesurvey.co.uk/id/4000000010930690,Trapping Hill,,,,transportNetwork,Named Road,410734,474017,5000,20000,410149,473735,410982,474328,HG3,http://data.ordnancesurvey.co.uk/id/postcodedistrict/HG3,,,,,,,North Yorkshire,http://data.ordnancesurvey.co.uk/id/7000000000183627,http://data.ordnancesurvey.co.uk/ontology/admingeo/UnitaryAuthority,Yorkshire and the Humber,http://data.ordnancesurvey.co.uk/id/7000000000041430,England,http://data.ordnancesurvey.co.uk/id/country/england,,,
osgb4000000010927216,http://data.ordnancesurvey.co.uk/id/4000000010927216,Brown Bank Road,,,,transportNetwork,Named Road,419477,475215,7000,20000,419399,474657,419551,475750,HG4,http://data.ordnancesurvey.co.uk/id/postcodedistrict/HG4,,,,,,,North Yorkshire,http://data.ordnancesurvey.co.uk/id/7000000000183627,http://data.ordnancesurvey.co.uk/ontology/admingeo/UnitaryAuthority,Yorkshire and the Humber,http://data.ordnancesurvey.co.uk/id/7000000000041430,England,http://data.ordnancesurvey.co.uk/id/country/england,,,
osgb4000000010954788,http://data.ordnancesurvey.co.uk/id/4000000010954788,Chapel Fold,,,,transportNetwork,Named Road,400284,464241,1000,20000,400244,464226,400328,464243,BD23,http://data.ordnancesurvey.co.uk/id/postcodedistrict/BD23,Grassington,http://data.ordnancesurvey.co.uk/id/4000000074564363,http://www.ordnancesurvey.co.uk/xml/codelists/localtype.xml#village,,,,North Yorkshire,http://data.ordnancesurvey.co.uk/id/7000000000183627,http://data.ordnancesurvey.co.uk/ontology/admingeo/UnitaryAuthority,Yorkshire and the Humber,http://data.ordnancesurvey.co.uk/id/7000000000041430,England,http://data.ordnancesurvey.co.uk/id/country/england,,,
osgb4000000010950356,http://data.ordnancesurvey.co.uk/id/4000000010950356,Harewell Lane,,,,transportNetwork,Named Road,419144,462826,7000,20000,418613,462151,419721,463084,HG3,http://data.ordnancesurvey.co.uk/id/postcodedistrict/HG3,,,,,,,North Yorkshire,http://data.ordnancesurvey.co.uk/id/7000000000183627,http://data.ordnancesurvey.co.uk/ontology/admingeo/UnitaryAuthority,Yorkshire and the Humber,http://data.ordnancesurvey.co.uk/id/7000000000041430,England,http://data.ordnancesurvey.co.uk/id/country/england,,,
osgb4000000010926185,http://data.ordnancesurvey.co.uk/id/4000000010926185,Edge Lane,,,,transportNetwork,Named Road,401230,464195,6000,20000,400927,463837,401716,464695,BD23,http://data.ordnancesurvey.co.uk/id/postcodedistrict/BD23,,,,,,,North Yorkshire,http://data.ordnancesurvey.co.uk/id/7000000000183627,http://data.ordnancesurvey.co.uk/ontology/admingeo/UnitaryAuthority,Yorkshire and the Humber,http://data.ordnancesurvey.co.uk/id/7000000000041430,England,http://data.ordnancesurvey.co.uk/id/country/england,,,
6a973acd-986e-40ef-a4bb-e240b13fc673,http://data.ordnancesurvey.co.uk/id/6a973acd-986e-40ef-a4bb-e240b13fc673,Peat Lane,,,,transportNetwork,Section Of Named Road,415761,464638,1000,25000,415745,464632,415761,464638,HG3,http://data.ordnancesurvey.co.uk/id/postcodedistrict/HG3,Bewerley,http://data.ordnancesurvey.co.uk/id/4000000074546009,http://www.ordnancesurvey.co.uk/xml/codelists/localtype.xml#village,,,,North Yorkshire,http://data.ordnancesurvey.co.uk/id/7000000000183627,http://data.ordnancesurvey.co.uk/ontology/admingeo/UnitaryAuthority,Yorkshire and the Humber,http://data.ordnancesurvey.co.uk/id/7000000000041430,England,http://data.ordnancesurvey.co.uk/id/country/england,osgb4000000010930468,,
osgb4000000010925775,http://data.ordnancesurvey.co.uk/id/4000000010925775,In Moor Lane,,,,transportNetwork,Named Road,408975,474451,3000,20000,408836,474275,409206,474683,HG3,http://data.ordnancesurvey.co.uk/id/postcodedistrict/HG3,,,,,,,North Yorkshire,http://data.ordnancesurvey.co.uk/id/7000000000183627,http://data.ordnancesurvey.co.uk/ontology/admingeo/UnitaryAuthority,Yorkshire and the Humber,http://data.ordnancesurvey.co.uk/id/7000000000041430,England,http://data.ordnancesurvey.co.uk/id/country/england,,,
4c85c435-7c10-41be-96b7-359739608d3a,http://data.ordnancesurvey.co.uk/id/4c85c435-7c10-41be-96b7-359739608d3a,Sandy Gate Lane,,,,transportNetwork,Section Of Named Road,405486,460171,1000,25000,405476,460134,405487,460209,BD23,http://data.ordnancesurvey.co.uk/id/postcodedistrict/BD23,Appletreewick,http://data.ordnancesurvey.co.uk/id/4000000074547503,http://www.ordnancesurvey.co.uk/xml/codelists/localtype.xml#village,,,,North Yorkshire,http://data.ordnancesurvey.co.uk/id/7000000000183627,http://data.ordnancesurvey.co.uk/ontology/admingeo/UnitaryAuthority,Yorkshire and the Humber,http://data.ordnancesurvey.co.uk/id/7000000000041430,England,http://data.ordnancesurvey.co.uk/id/country/england,osgb5000005232279647,,
osgb4000000011114537,http://data.ordnancesurvey.co.uk/id/4000000011114537,The Sidings,,,,transportNetwork,Named Road,415631,465674,1000,20000,415582,465651,415688,465716,HG3,http://data.ordnancesurvey.co.uk/id/postcodedistrict/HG3,Pateley Bridge,http://data.ordnancesurvey.co.uk/id/4000000074546010,http://www.ordnancesurvey.co.uk/xml/codelists/localtype.xml#town,,,,North Yorkshire,http://data.ordnancesurvey.co.uk/id/7000000000183627,http://data.ordnancesurvey.co.uk/ontology/admingeo/UnitaryAuthority,Yorkshire and the Humber,http://data.ordnancesurvey.co.uk/id/7000000000041430,England,http://data.ordnancesurvey.co.uk/id/country/england,,,
osgb4000000010950334,http://data.ordnancesurvey.co.uk/id/4000000010950334,The Drive,,,,transportNetwork,Named Road,416054,465628,1000,20000,416031,465561,416061,465693,HG3,http://data.ordnancesurvey.co.uk/id/postcodedistrict/HG3,Pateley Bridge,http://data.ordnancesurvey.co.uk/id/4000000074546010,http://www.ordnancesurvey.co.uk/xml/codelists/localtype.xml#town,,,,North Yorkshire,http://data.ordnancesurvey.co.uk/id/7000000000183627,http://data.ordnancesurvey.co.uk/ontology/admingeo/UnitaryAuthority,Yorkshire and the Humber,http://data.ordnancesurvey.co.uk/id/7000000000041430,England,http://data.ordnancesurvey.co.uk/id/country/england,,,
cbe4a0ee-0de4-40c9-9d33-9161093d9ab3,http://data.ordnancesurvey.co.uk/id/cbe4a0ee-0de4-40c9-9d33-9161093d9ab3,Dairy Lane,,,,transportNetwork,Section Of Named Road,419067,460538,1000,25000,418954,460495,419184,460580,HG3,http://data.ordnancesurvey.co.uk/id/postcodedistrict/HG3,Dacre,http://data.ordnancesurvey.co.uk/id/4000000074545999,http://www.ordnancesurvey.co.uk/xml/codelists/localtype.xml#village,,,,North Yorkshire,http://data.ordnancesurvey.co.uk/id/7000000000183627,http://data.ordnancesurvey.co.uk/ontology/admingeo/UnitaryAuthority,Yorkshire and the Humber,http://data.ordnancesurvey.co.uk/id/7000000000041430,England,http://data.ordnancesurvey.co.uk/id/country/england,osgb4000000010927098,,
osgb4000000010930466,http://data.ordnancesurvey.co.uk/id/4000000010930466,Braithwaite Lane,,,,transportNetwork,Named Road,414886,460455,9000,20000,414391,459894,415714,460589,HG3,http://data.ordnancesurvey.co.uk/id/postcodedistrict/HG3,,,,,,,North Yorkshire,http://data.ordnancesurvey.co.uk/id/7000000000183627,http://data.ordnancesurvey.co.uk/ontology/admingeo/UnitaryAuthority,Yorkshire and the Humber,http://data.ordnancesurvey.co.uk/id/7000000000041430,England,http://data.ordnancesurvey.co.uk/id/country/england,,,
osgb4000000010976034,http://data.ordnancesurvey.co.uk/id/4000000010976034,Lumb Mill Way,,,,transportNetwork,Named Road,406586,460357,1000,20000,406573,460336,406586,460372,BD23,http://data.ordnancesurvey.co.uk/id/postcodedistrict/BD23,Skyreholme,http://data.ordnancesurvey.co.uk/id/4000000074547500,http://www.ordnancesurvey.co.uk/xml/codelists/localtype.xml#hamlet,,,,North Yorkshire,http://data.ordnancesurvey.co.uk/id/7000000000183627,http://data.ordnancesurvey.co.uk/ontology/admingeo/UnitaryAuthority,Yorkshire and the Humber,http://data.ordnancesurvey.co.uk/id/7000000000041430,England,http://data.ordnancesurvey.co.uk/id/country/england,,,
osgb4000000010966129,http://data.ordnancesurvey.co.uk/id/4000000010966129,Bishop Garth,,,,transportNetwork,Named Road,416001,465897,1000,20000,415975,465869,416026,465927,HG3,http://data.ordnancesurvey.co.uk/id/postcodedistrict/HG3,Pateley Bridge,http://data.ordnancesurvey.co.uk/id/4000000074546010,http://www.ordnancesurvey.co.uk/xml/codelists/localtype.xml#town,,,,North Yorkshire,http://data.ordnancesurvey.co.uk/id/7000000000183627,http://data.ordnancesurvey.co.uk/ontology/admingeo/UnitaryAuthority,Yorkshire and the Humber,http://data.ordnancesurvey.co.uk/id/7000000000041430,England,http://data.ordnancesurvey.co.uk/id/country/england,,,
osgb4000000010969698,http://data.ordnancesurvey.co.uk/id/4000000010969698,Springfield Court,,,,transportNetwork,Named Road,400323,463897,1000,20000,400312,463885,400332,463916,BD23,http://data.ordnancesurvey.co.uk/id/postcodedistrict/BD23,Grassington,http://data.ordnancesurvey.co.uk/id/4000000074564363,http://www.ordnancesurvey.co.uk/xml/codelists/localtype.xml#village,,,,North Yorkshire,http://data.ordnancesurvey.co.uk/id/7000000000183627,http://data.ordnancesurvey.co.uk/ontology/admingeo/UnitaryAuthority,Yorkshire and the Humber,http://data.ordnancesurvey.co.uk/id/7000000000041430,England,http://data.ordnancesurvey.co.uk/id/country/england,,,
osgb5000005231369127,http://data.ordnancesurvey.co.uk/id/5000005231369127,Moor Hall Lane,,,,transportNetwork,Named Road,408549,472783,3000,20000,408354,472592,408744,472976,HG3,http://data.ordnancesurvey.co.uk/id/postcodedistrict/HG3,,,,,,,North Yorkshire,http://data.ordnancesurvey.co.uk/id/7000000000183627,http://data.ordnancesurvey.co.uk/ontology/admingeo/UnitaryAuthority,Yorkshire and the Humber,http://data.ordnancesurvey.co.uk/id/7000000000041430,England,http://data.ordnancesurvey.co.uk/id/country/england,,,
osgb4000000010937529,http://data.ordnancesurvey.co.uk/id/4000000010937529,Old Coach Road,,,,transportNetwork,Named Road,419315,463955,3000,20000,419114,463722,419526,464162,HG3,http://data.ordnancesurvey.co.uk/id/postcodedistrict/HG3,,,,,,,North Yorkshire,http://data.ordnancesurvey.co.uk/id/7000000000183627,http://data.ordnancesurvey.co.uk/ontology/admingeo/UnitaryAuthority,Yorkshire and the Humber,http://data.ordnancesurvey.co.uk/id/7000000000041430,England,http://data.ordnancesurvey.co.uk/id/country/england,,,
842eedda-2fa2-4d71-83a6-7bc2e22c5bf5,http://data.ordnancesurvey.co.uk/id/842eedda-2fa2-4d71-83a6-7bc2e22c5bf5,Ilton Bank,,,,transportNetwork,Section Of Named Road,418886,478390,1000,25000,418777,478316,418960,478433,HG4,http://data.ordnancesurvey.co.uk/id/postcodedistrict/HG4,Ilton,http://data.ordnancesurvey.co.uk/id/4000000074547763,http://www.ordnancesurvey.co.uk/xml/codelists/localtype.xml#hamlet,,,,North Yorkshire,http://data.ordnancesurvey.co.uk/id/7000000000183627,http://data.ordnancesurvey.co.uk/ontology/admingeo/UnitaryAuthority,Yorkshire and the Humber,http://data.ordnancesurvey.co.uk/id/7000000000041430,England,http://data.ordnancesurvey.co.uk/id/country/england,osgb4000000010937862,,
osgb4000000010930472,http://data.ordnancesurvey.co.uk/id/4000000010930472,Street Lane,,,,transportNetwork,Named Road,415205,465081,6000,20000,414723,465017,415589,465310,HG3,http://data.ordnancesurvey.co.uk/id/postcodedistrict/HG3,,,,,,,North Yorkshire,http://data.ordnancesurvey.co.uk/id/7000000000183627,http://data.ordnancesurvey.co.uk/ontology/admingeo/UnitaryAuthority,Yorkshire and the Humber,http://data.ordnancesurvey.co.uk/id/7000000000041430,England,http://data.ordnancesurvey.co.uk/id/country/england,,,
osgb4000000010966146,http://data.ordnancesurvey.co.uk/id/4000000010966146,Orchard Close,,,,transportNetwork,Named Road,419671,462864,1000,20000,419624,462834,419724,462897,HG3,http://data.ordnancesurvey.co.uk/id/postcodedistrict/HG3,Summerbridge,http://data.ordnancesurvey.co.uk/id/4000000074545779,http://www.ordnancesurvey.co.uk/xml/codelists/localtype.xml#village,,,,North Yorkshire,http://data.ordnancesurvey.co.uk/id/7000000000183627,http://data.ordnancesurvey.co.uk/ontology/admingeo/UnitaryAuthority,Yorkshire and the Humber,http://data.ordnancesurvey.co.uk/id/7000000000041430,England,http://data.ordnancesurvey.co.uk/id/country/england,,,
osgb5000005232456575,http://data.ordnancesurvey.co.uk/id/5000005232456575,Thorpe Fell Lane,,,,transportNetwork,Named Road,401121,461124,2000,20000,401068,460955,401223,461260,BD23,http://data.ordnancesurvey.co.uk/id/postcodedistrict/BD23,,,,,,,North Yorkshire,http://data.ordnancesurvey.co.uk/id/7000000000183627,http://data.ordnancesurvey.co.uk/ontology/admingeo/UnitaryAuthority,Yorkshire and the Humber,http://data.ordnancesurvey.co.uk/id/7000000000041430,England,http://data.ordnancesurvey.co.uk/id/country/england,,,
34408d7f-df6e-4950-8601-bc3194b62231,http://data.ordnancesurvey.co.uk/id/34408d7f-df6e-4950-8601-bc3194b62231,Acre Lane,,,,transportNetwork,Section Of Named Road,400179,463804,1000,25000,400111,463742,400245,463881,BD23,http://data.ordnancesurvey.co.uk/id/postcodedistrict/BD23,Grassington,http://data.ordnancesurvey.co.uk/id/4000000074564363,http://www.ordnancesurvey.co.uk/xml/codelists/localtype.xml#village,,,,North Yorkshire,http://data.ordnancesurvey.co.uk/id/7000000000183627,http://data.ordnancesurvey.co.uk/ontology/admingeo/UnitaryAuthority,Yorkshire and the Humber,http://data.ordnancesurvey.co.uk/id/7000000000041430,England,http://data.ordnancesurvey.co.uk/id/country/england,osgb4000000011134828,,
osgb4000000011134828,http://data.ordnancesurvey.co.uk/id/4000000011134828,Acre Lane,,,,transportNetwork,Named Road,400162,463788,1000,20000,400057,463708,400245,463881,BD23,http://data.ordnancesurvey.co.uk/id/postcodedistrict/BD23,Grassington,http://data.ordnancesurvey.co.uk/id/4000000074564363,http://www.ordnancesurvey.co.uk/xml/codelists/localtype.xml#village,,,,North Yorkshire,http://data.ordnancesurvey.co.uk/id/7000000000183627,http://data.ordnancesurvey.co.uk/ontology/admingeo/UnitaryAuthority,Yorkshire and the Humber,http://data.ordnancesurvey.co.uk/id/7000000000041430,England,http://data.ordnancesurvey.co.uk/id/country/england,,,
osgb5000005232279647,http://data.ordnancesurvey.co.uk/id/5000005232279647,Sandy Gate Lane,,,,transportNetwork,Named Road,405479,460310,2000,20000,405461,460134,405545,460436,BD23,http://data.ordnancesurvey.co.uk/id/postcodedistrict/BD23,,,,,,,North Yorkshire,http://data.ordnancesurvey.co.uk/id/7000000000183627,http://data.ordnancesurvey.co.uk/ontology/admingeo/UnitaryAuthority,Yorkshire and the Humber,http://data.ordnancesurvey.co.uk/id/7000000000041430,England,http://data.ordnancesurvey.co.uk/id/country/england,,,
93893fc4-2cb8-4680-bb3c-c810323a4be3,http://data.ordnancesurvey.co.uk/id/93893fc4-2cb8-4680-bb3c-c810323a4be3,Lupton Bank,,,,transportNetwork,Section Of Named Road,417714,464594,2000,25000,417517,464506,417867,464730,HG3,http://data.ordnancesurvey.co.uk/id/postcodedistrict/HG3,Glasshouses,http://data.ordnancesurvey.co.uk/id/4000000074546007,http://www.ordnancesurvey.co.uk/xml/codelists/localtype.xml#village,,,,North Yorkshire,http://data.ordnancesurvey.co.uk/id/7000000000183627,http://data.ordnancesurvey.co.uk/ontology/admingeo/UnitaryAuthority,Yorkshire and the Humber,http://data.ordnancesurvey.co.uk/id/7000000000041430,England,http://data.ordnancesurvey.co.uk/id/country/england,osgb4000000010930498,,
c9f1639d-5047-4afa-9afa-64c2a80b07d3,http://data.ordnancesurvey.co.uk/id/c9f1639d-5047-4afa-9afa-64c2a80b07d3,School Lane,,,,transportNetwork,Section Of Named Road,419457,461786,2000,25000,419367,461625,419528,461918,HG3,http://data.ordnancesurvey.co.uk/id/postcodedistrict/HG3,Dacre Banks,http://data.ordnancesurvey.co.uk/id/4000000074546000,http://www.ordnancesurvey.co.uk/xml/codelists/localtype.xml#village,,,,North Yorkshire,http://data.ordnancesurvey.co.uk/id/7000000000183627,http://data.ordnancesurvey.co.uk/ontology/admingeo/UnitaryAuthority,Yorkshire and the Humber,http://data.ordnancesurvey.co.uk/id/7000000000041430,England,http://data.ordnancesurvey.co.uk/id/country/england,osgb4000000010937517,,
59b0271f-6cc9-4bb9-a0e1-5a0f75cfd0a0,http://data.ordnancesurvey.co.uk/id/59b0271f-6cc9-4bb9-a0e1-5a0f75cfd0a0,Church Road,,,,transportNetwork,Section Of Named Road,400094,463259,2000,25000,399861,463081,400214,463292,BD23,http://data.ordnancesurvey.co.uk/id/postcodedistrict/BD23,Linton,http://data.ordnancesurvey.co.uk/id/4000000074564034,http://www.ordnancesurvey.co.uk/xml/codelists/localtype.xml#village,,,,North Yorkshire,http://data.ordnancesurvey.co.uk/id/7000000000183627,http://data.ordnancesurvey.co.uk/ontology/admingeo/UnitaryAuthority,Yorkshire and the Humber,http://data.ordnancesurvey.co.uk/id/7000000000041430,England,http://data.ordnancesurvey.co.uk/id/country/england,osgb4000000010932596,,
osgb5000005232275045,http://data.ordnancesurvey.co.uk/id/5000005232275045,Green Lane,,,,transportNetwork,Named Road,400747,467567,2000,20000,400723,467454,400772,467688,BD23,http://data.ordnancesurvey.co.uk/id/postcodedistrict/BD23,,,,,,,North Yorkshire,http://data.ordnancesurvey.co.uk/id/7000000000183627,http://data.ordnancesurvey.co.uk/ontology/admingeo/UnitaryAuthority,Yorkshire and the Humber,http://data.ordnancesurvey.co.uk/id/7000000000041430,England,http://data.ordnancesurvey.co.uk/id/country/england,,,
osgb4000000010981929,http://data.ordnancesurvey.co.uk/id/4000000010981929,Church Street,,,,transportNetwork,Named Road,415867,465711,1000,20000,415864,465642,415886,465776,HG3,http://data.ordnancesurvey.co.uk/id/postcodedistrict/HG3,Pateley Bridge,http://data.ordnancesurvey.co.uk/id/4000000074546010,http://www.ordnancesurvey.co.uk/xml/codelists/localtype.xml#town,,,,North Yorkshire,http://data.ordnancesurvey.co.uk/id/7000000000183627,http://data.ordnancesurvey.co.uk/ontology/admingeo/UnitaryAuthority,Yorkshire and the Humber,http://data.ordnancesurvey.co.uk/id/7000000000041430,England,http://data.ordnancesurvey.co.uk/id/country/england,,,
70d653a6-7718-4f1d-b141-052a5c4bac44,http://data.ordnancesurvey.co.uk/id/70d653a6-7718-4f1d-b141-052a5c4bac44,Intake Lane,,,,transportNetwork,Section Of Named Road,400317,464498,1000,25000,400290,464478,400343,464512,BD23,http://data.ordnancesurvey.co.uk/id/postcodedistrict/BD23,Grassington,http://data.ordnancesurvey.co.uk/id/4000000074564363,http://www.ordnancesurvey.co.uk/xml/codelists/localtype.xml#village,,,,North Yorkshire,http://data.ordnancesurvey.co.uk/id/7000000000183627,http://data.ordnancesurvey.co.uk/ontology/admingeo/UnitaryAuthority,Yorkshire and the Humber,http://data.ordnancesurvey.co.uk/id/7000000000041430,England,http://data.ordnancesurvey.co.uk/id/country/england,osgb5000005232278883,,
osgb4000000010940812,http://data.ordnancesurvey.co.uk/id/4000000010940812,Main Street,,,,transportNetwork,Named Road,400271,464078,2000,20000,400214,463943,400339,464206,BD23,http://data.ordnancesurvey.co.uk/id/postcodedistrict/BD23,Grassington,http://data.ordnancesurvey.co.uk/id/4000000074564363,http://www.ordnancesurvey.co.uk/xml/codelists/localtype.xml#village,,,,North Yorkshire,http://data.ordnancesurvey.co.uk/id/7000000000183627,http://data.ordnancesurvey.co.uk/ontology/admingeo/UnitaryAuthority,Yorkshire and the Humber,http://data.ordnancesurvey.co.uk/id/7000000000041430,England,http://data.ordnancesurvey.co.uk/id/country/england,,,
osgb4000000010950362,http://data.ordnancesurvey.co.uk/id/4000000010950362,Lupton Close,,,,transportNetwork,Named Road,417350,464628,1000,20000,417224,464587,417414,464660,HG3,http://data.ordnancesurvey.co.uk/id/postcodedistrict/HG3,Glasshouses,http://data.ordnancesurvey.co.uk/id/4000000074546007,http://www.ordnancesurvey.co.uk/xml/codelists/localtype.xml#village,,,,North Yorkshire,http://data.ordnancesurvey.co.uk/id/7000000000183627,http://data.ordnancesurvey.co.uk/ontology/admingeo/UnitaryAuthority,Yorkshire and the Humber,http://data.ordnancesurvey.co.uk/id/7000000000041430,England,http://data.ordnancesurvey.co.uk/id/country/england,,,
aa6eb782-4d25-4431-a26b-aff1a1225c74,http://data.ordnancesurvey.co.uk/id/aa6eb782-4d25-4431-a26b-aff1a1225c74,Bank Lane,,,,transportNetwork,Section Of Named Road,400218,464528,1000,25000,400195,464431,400249,464628,BD23,http://data.ordnancesurvey.co.uk/id/postcodedistrict/BD23,Grassington,http://data.ordnancesurvey.co.uk/id/4000000074564363,http://www.ordnancesurvey.co.uk/xml/codelists/localtype.xml#village,,,,North Yorkshire,http://data.ordnancesurvey.co.uk/id/7000000000183627,http://data.ordnancesurvey.co.uk/ontology/admingeo/UnitaryAuthority,Yorkshire and the Humber,http://data.ordnancesurvey.co.uk/id/7000000000041430,England,http://data.ordnancesurvey.co.uk/id/country/england,osgb4000000010940814,,
osgb4000000010937516,http://data.ordnancesurvey.co.uk/id/4000000010937516,Lane Foot Road,,,,transportNetwork,Named Road,418302,461314,5000,20000,418056,460952,418557,461662,HG3,http://data.ordnancesurvey.co.uk/id/postcodedistrict/HG3,,,,,,,North Yorkshire,http://data.ordnancesurvey.co.uk/id/7000000000183627,http://data.ordnancesurvey.co.uk/ontology/admingeo/UnitaryAuthority,Yorkshire and the Humber,http://data.ordnancesurvey.co.uk/id/7000000000041430,England,http://data.ordnancesurvey.co.uk/id/country/england,,,
osgb4000000010940819,http://data.ordnancesurvey.co.uk/id/4000000010940819,Orchard Lane,,,,transportNetwork,Named Road,402653,463211,1000,20000,402603,463175,402705,463230,BD23,http://data.ordnancesurvey.co.uk/id/postcodedistrict/BD23,Hebden,http://data.ordnancesurvey.co.uk/id/4000000074547511,http://www.ordnancesurvey.co.uk/xml/codelists/localtype.xml#village,,,,North Yorkshire,http://data.ordnancesurvey.co.uk/id/7000000000183627,http://data.ordnancesurvey.co.uk/ontology/admingeo/UnitaryAuthority,Yorkshire and the Humber,http://data.ordnancesurvey.co.uk/id/7000000000041430,England,http://data.ordnancesurvey.co.uk/id/country/england,,,
d8c3a207-752c-41ac-82b6-4e118f237cdb,http://data.ordnancesurvey.co.uk/id/d8c3a207-752c-41ac-82b6-4e118f237cdb,Wath Lane,,,,transportNetwork,Section Of Named Road,415023,467501,1000,25000,414977,467471,415065,467513,HG3,http://data.ordnancesurvey.co.uk/id/postcodedistrict/HG3,Wath,http://data.ordnancesurvey.co.uk/id/4000000074547280,http://www.ordnancesurvey.co.uk/xml/codelists/localtype.xml#hamlet,,,,North Yorkshire,http://data.ordnancesurvey.co.uk/id/7000000000183627,http://data.ordnancesurvey.co.uk/ontology/admingeo/UnitaryAuthority,Yorkshire and the Humber,http://data.ordnancesurvey.co.uk/id/7000000000041430,England,http://data.ordnancesurvey.co.uk/id/country/england,osgb4000000010925776,,
7717d1d6-0c11-4bb1-9364-2cdd6b13d78e,http://data.ordnancesurvey.co.uk/id/7717d1d6-0c11-4bb1-9364-2cdd6b13d78e,Blazefield Bank,,,,transportNetwork,Section Of Named Road,417675,465193,3000,25000,417465,465139,417878,465194,HG3,http://data.ordnancesurvey.co.uk/id/postcodedistrict/HG3,Blazefield,http://data.ordnancesurvey.co.uk/id/4000000074546008,http://www.ordnancesurvey.co.uk/xml/codelists/localtype.xml#hamlet,,,,North Yorkshire,http://data.ordnancesurvey.co.uk/id/7000000000183627,http://data.ordnancesurvey.co.uk/ontology/admingeo/UnitaryAuthority,Yorkshire and the Humber,http://data.ordnancesurvey.co.uk/id/7000000000041430,England,http://data.ordnancesurvey.co.uk/id/country/england,osgb4000000010930500,,
osgb4000000011107650,http://data.ordnancesurvey.co.uk/id/4000000011107650,B6265,,,,transportNetwork,Numbered Road,418557,465128,250000,318000,396887,437465,445739,471144,HG3,http://data.ordnancesurvey.co.uk/id/postcodedistrict/HG3,,,,,,,North Yorkshire,http://data.ordnancesurvey.co.uk/id/7000000000183627,http://data.ordnancesurvey.co.uk/ontology/admingeo/UnitaryAuthority,Yorkshire and the Humber,http://data.ordnancesurvey.co.uk/id/7000000000041430,England,http://data.ordnancesurvey.co.uk/id/country/england,,,
osgb4000000010932600,http://data.ordnancesurvey.co.uk/id/4000000010932600,High Green,,,,transportNetwork,Named Road,402470,463525,2000,20000,402374,463329,402512,463675,BD23,http://data.ordnancesurvey.co.uk/id/postcodedistrict/BD23,,,,,,,North Yorkshire,http://data.ordnancesurvey.co.uk/id/7000000000183627,http://data.ordnancesurvey.co.uk/ontology/admingeo/UnitaryAuthority,Yorkshire and the Humber,http://data.ordnancesurvey.co.uk/id/7000000000041430,England,http://data.ordnancesurvey.co.uk/id/country/england,,,
osgb4000000010954789,http://data.ordnancesurvey.co.uk/id/4000000010954789,High Lane,,,,transportNetwork,Named Road,400681,464003,4000,20000,400343,463775,400981,464176,BD23,http://data.ordnancesurvey.co.uk/id/postcodedistrict/BD23,,,,,,,North Yorkshire,http://data.ordnancesurvey.co.uk/id/7000000000183627,http://data.ordnancesurvey.co.uk/ontology/admingeo/UnitaryAuthority,Yorkshire and the Humber,http://data.ordnancesurvey.co.uk/id/7000000000041430,England,http://data.ordnancesurvey.co.uk/id/country/england,,,
osgb4000000011134829,http://data.ordnancesurvey.co.uk/id/4000000011134829,Chamber End Fold,,,,transportNetwork,Named Road,400295,464207,1000,20000,400255,464197,400333,464208,BD23,http://data.ordnancesurvey.co.uk/id/postcodedistrict/BD23,Grassington,http://data.ordnancesurvey.co.uk/id/4000000074564363,http://www.ordnancesurvey.co.uk/xml/codelists/localtype.xml#village,,,,North Yorkshire,http://data.ordnancesurvey.co.uk/id/7000000000183627,http://data.ordnancesurvey.co.uk/ontology/admingeo/UnitaryAuthority,Yorkshire and the Humber,http://data.ordnancesurvey.co.uk/id/7000000000041430,England,http://data.ordnancesurvey.co.uk/id/country/england,,,
osgb4000000010976035,http://data.ordnancesurvey.co.uk/id/4000000010976035,Ashfield Close,,,,transportNetwork,Named Road,415328,465699,1000,20000,415315,465683,415351,465728,HG3,http://data.ordnancesurvey.co.uk/id/postcodedistrict/HG3,Pateley Bridge,http://data.ordnancesurvey.co.uk/id/4000000074546010,http://www.ordnancesurvey.co.uk/xml/codelists/localtype.xml#town,,,,North Yorkshire,http://data.ordnancesurvey.co.uk/id/7000000000183627,http://data.ordnancesurvey.co.uk/ontology/admingeo/UnitaryAuthority,Yorkshire and the Humber,http://data.ordnancesurvey.co.uk/id/7000000000041430,England,http://data.ordnancesurvey.co.uk/id/country/england,,,
osgb4000000010966145,http://data.ordnancesurvey.co.uk/id/4000000010966145,Grange Lane,,,,transportNetwork,Named Road,419521,462062,1000,20000,419492,462055,419564,462134,HG3,http://data.ordnancesurvey.co.uk/id/postcodedistrict/HG3,Dacre Banks,http://data.ordnancesurvey.co.uk/id/4000000074546000,http://www.ordnancesurvey.co.uk/xml/codelists/localtype.xml#village,,,,North Yorkshire,http://data.ordnancesurvey.co.uk/id/7000000000183627,http://data.ordnancesurvey.co.uk/ontology/admingeo/UnitaryAuthority,Yorkshire and the Humber,http://data.ordnancesurvey.co.uk/id/7000000000041430,England,http://data.ordnancesurvey.co.uk/id/country/england,,,
osgb4000000010954787,http://data.ordnancesurvey.co.uk/id/4000000010954787,Water Street,,,,transportNetwork,Named Road,400335,464131,1000,20000,400334,464093,400349,464176,BD23,http://data.ordnancesurvey.co.uk/id/postcodedistrict/BD23,Grassington,http://data.ordnancesurvey.co.uk/id/4000000074564363,http://www.ordnancesurvey.co.uk/xml/codelists/localtype.xml#village,,,,North Yorkshire,http://data.ordnancesurvey.co.uk/id/7000000000183627,http://data.ordnancesurvey.co.uk/ontology/admingeo/UnitaryAuthority,Yorkshire and the Humber,http://data.ordnancesurvey.co.uk/id/7000000000041430,England,http://data.ordnancesurvey.co.uk/id/country/england,,,
osgb4000000010966717,http://data.ordnancesurvey.co.uk/id/4000000010966717,Back Lane,,,,transportNetwork,Named Road,415001,467802,3000,20000,414807,467694,415211,467838,HG3,http://data.ordnancesurvey.co.uk/id/postcodedistrict/HG3,,,,,,,North Yorkshire,http://data.ordnancesurvey.co.uk/id/7000000000183627,http://data.ordnancesurvey.co.uk/ontology/admingeo/UnitaryAuthority,Yorkshire and the Humber,http://data.ordnancesurvey.co.uk/id/7000000000041430,England,http://data.ordnancesurvey.co.uk/id/country/england,,,
5a6ba619-8f11-4a2f-8369-05dde361b6a0,http://data.ordnancesurvey.co.uk/id/5a6ba619-8f11-4a2f-8369-05dde361b6a0,Nettle Lane,,,,transportNetwork,Section Of Named Road,400588,463853,1000,25000,400552,463835,400623,463884,BD23,http://data.ordnancesurvey.co.uk/id/postcodedistrict/BD23,Grassington,http://data.ordnancesurvey.co.uk/id/4000000074564363,http://www.ordnancesurvey.co.uk/xml/codelists/localtype.xml#village,,,,North Yorkshire,http://data.ordnancesurvey.co.uk/id/7000000000183627,http://data.ordnancesurvey.co.uk/ontology/admingeo/UnitaryAuthority,Yorkshire and the Humber,http://data.ordnancesurvey.co.uk/id/7000000000041430,England,http://data.ordnancesurvey.co.uk/id/country/england,osgb5000005232278888,,
osgb4000000010969697,http://data.ordnancesurvey.co.uk/id/4000000010969697,Fell View Square,,,,transportNetwork,Named Road,400375,463676,1000,20000,400375,463676,400415,463715,BD23,http://data.ordnancesurvey.co.uk/id/postcodedistrict/BD23,Grassington,http://data.ordnancesurvey.co.uk/id/4000000074564363,http://www.ordnancesurvey.co.uk/xml/codelists/localtype.xml#village,,,,North Yorkshire,http://data.ordnancesurvey.co.uk/id/7000000000183627,http://data.ordnancesurvey.co.uk/ontology/admingeo/UnitaryAuthority,Yorkshire and the Humber,http://data.ordnancesurvey.co.uk/id/7000000000041430,England,http://data.ordnancesurvey.co.uk/id/country/england,,,
osgb4000000010927085,http://data.ordnancesurvey.co.uk/id/4000000010927085,Skyreholme Bank,,,,transportNetwork,Named Road,407497,461000,7000,20000,406842,460726,407848,461571,BD23,http://data.ordnancesurvey.co.uk/id/postcodedistrict/BD23,,,,,,,North Yorkshire,http://data.ordnancesurvey.co.uk/id/7000000000183627,http://data.ordnancesurvey.co.uk/ontology/admingeo/UnitaryAuthority,Yorkshire and the Humber,http://data.ordnancesurvey.co.uk/id/7000000000041430,England,http://data.ordnancesurvey.co.uk/id/country/england,,,
osgb4000000010954786,http://data.ordnancesurvey.co.uk/id/4000000010954786,South Wood Lane,,,,transportNetwork,Named Road,400099,464020,1000,20000,400052,464008,400105,464073,BD23,http://data.ordnancesurvey.co.uk/id/postcodedistrict/BD23,Grassington,http://data.ordnancesurvey.co.uk/id/4000000074564363,http://www.ordnancesurvey.co.uk/xml/codelists/localtype.xml#village,,,,North Yorkshire,http://data.ordnancesurvey.co.uk/id/7000000000183627,http://data.ordnancesurvey.co.uk/ontology/admingeo/UnitaryAuthority,Yorkshire and the Humber,http://data.ordnancesurvey.co.uk/id/7000000000041430,England,http://data.ordnancesurvey.co.uk/id/country/england,,,
d0437345-94f0-4ea0-85ac-45c462924981,http://data.ordnancesurvey.co.uk/id/d0437345-94f0-4ea0-85ac-45c462924981,Mill Lane,,,,transportNetwork,Section Of Named Road,403130,461421,1000,25000,403106,461394,403139,461430,BD23,http://data.ordnancesurvey.co.uk/id/postcodedistrict/BD23,Burnsall,http://data.ordnancesurvey.co.uk/id/4000000074545783,http://www.ordnancesurvey.co.uk/xml/codelists/localtype.xml#village,,,,North Yorkshire,http://data.ordnancesurvey.co.uk/id/7000000000183627,http://data.ordnancesurvey.co.uk/ontology/admingeo/UnitaryAuthority,Yorkshire and the Humber,http://data.ordnancesurvey.co.uk/id/7000000000041430,England,http://data.ordnancesurvey.co.uk/id/country/england,osgb5000005232456577,,
osgb5000005186792885,http://data.ordnancesurvey.co.uk/id/5000005186792885,Hardy Grange,,,,transportNetwork,Named Road,400354,463965,1000,20000,400294,463924,400404,464000,BD23,http://data.ordnancesurvey.co.uk/id/postcodedistrict/BD23,Grassington,http://data.ordnancesurvey.co.uk/id/4000000074564363,http://www.ordnancesurvey.co.uk/xml/codelists/localtype.xml#village,,,,North Yorkshire,http://data.ordnancesurvey.co.uk/id/7000000000183627,http://data.ordnancesurvey.co.uk/ontology/admingeo/UnitaryAuthority,Yorkshire and the Humber,http://data.ordnancesurvey.co.uk/id/7000000000041430,England,http://data.ordnancesurvey.co.uk/id/country/england,,,
osgb4000000010985702,http://data.ordnancesurvey.co.uk/id/4000000010985702,Mill Hurst,,,,transportNetwork,Named Road,419242,460166,5000,20000,419184,459766,419381,460580,HG3,http://data.ordnancesurvey.co.uk/id/postcodedistrict/HG3,,,,,,,North Yorkshire,http://data.ordnancesurvey.co.uk/id/7000000000183627,http://data.ordnancesurvey.co.uk/ontology/admingeo/UnitaryAuthority,Yorkshire and the Humber,http://data.ordnancesurvey.co.uk/id/7000000000041430,England,http://data.ordnancesurvey.co.uk/id/country/england,,,
osgb4000000010950358,http://data.ordnancesurvey.co.uk/id/4000000010950358,Cabin Lane,,,,transportNetwork,Named Road,419621,462144,1000,20000,419558,462134,419703,462153,HG3,http://data.ordnancesurvey.co.uk/id/postcodedistrict/HG3,Dacre Banks,http://data.ordnancesurvey.co.uk/id/4000000074546000,http://www.ordnancesurvey.co.uk/xml/codelists/localtype.xml#village,,,,North Yorkshire,http://data.ordnancesurvey.co.uk/id/7000000000183627,http://data.ordnancesurvey.co.uk/ontology/admingeo/UnitaryAuthority,Yorkshire and the Humber,http://data.ordnancesurvey.co.uk/id/7000000000041430,England,http://data.ordnancesurvey.co.uk/id/country/england,,,
osgb4000000010954784,http://data.ordnancesurvey.co.uk/id/4000000010954784,Wisp Hill,,,,transportNetwork,Named Road,400058,464137,1000,20000,400057,464114,400070,464163,BD23,http://data.ordnancesurvey.co.uk/id/postcodedistrict/BD23,Grassington,http://data.ordnancesurvey.co.uk/id/4000000074564363,http://www.ordnancesurvey.co.uk/xml/codelists/localtype.xml#village,,,,North Yorkshire,http://data.ordnancesurvey.co.uk/id/7000000000183627,http://data.ordnancesurvey.co.uk/ontology/admingeo/UnitaryAuthority,Yorkshire and the Humber,http://data.ordnancesurvey.co.uk/id/7000000000041430,England,http://data.ordnancesurvey.co.uk/id/country/england,,,
8c07ad31-ebe1-4dd0-92c2-01037ec2b9b1,http://data.ordnancesurvey.co.uk/id/8c07ad31-ebe1-4dd0-92c2-01037ec2b9b1,Riggs Spring,,,,transportNetwork,Section Of Named Road,419671,463009,1000,25000,419646,462907,419674,463114,HG3,http://data.ordnancesurvey.co.uk/id/postcodedistrict/HG3,Summerbridge,http://data.ordnancesurvey.co.uk/id/4000000074545779,http://www.ordnancesurvey.co.uk/xml/codelists/localtype.xml#village,,,,North Yorkshire,http://data.ordnancesurvey.co.uk/id/7000000000183627,http://data.ordnancesurvey.co.uk/ontology/admingeo/UnitaryAuthority,Yorkshire and the Humber,http://data.ordnancesurvey.co.uk/id/7000000000041430,England,http://data.ordnancesurvey.co.uk/id/country/england,osgb4000000010976047,,
8a7adf51-9188-4171-91a0-6215e568fa99,http://data.ordnancesurvey.co.uk/id/8a7adf51-9188-4171-91a0-6215e568fa99,Moor Lane,,,,transportNetwork,Section Of Named Road,400445,464292,1000,25000,400339,464206,400539,464356,BD23,http://data.ordnancesurvey.co.uk/id/postcodedistrict/BD23,Grassington,http://data.ordnancesurvey.co.uk/id/4000000074564363,http://www.ordnancesurvey.co.uk/xml/codelists/localtype.xml#village,,,,North Yorkshire,http://data.ordnancesurvey.co.uk/id/7000000000183627,http://data.ordnancesurvey.co.uk/ontology/admingeo/UnitaryAuthority,Yorkshire and the Humber,http://data.ordnancesurvey.co.uk/id/7000000000041430,England,http://data.ordnancesurvey.co.uk/id/country/england,osgb4000000010926186,,
osgb5000005232456583,http://data.ordnancesurvey.co.uk/id/5000005232456583,Badger Lane,,,,transportNetwork,Named Road,402356,461618,3000,20000,402047,461467,402552,461868,BD23,http://data.ordnancesurvey.co.uk/id/postcodedistrict/BD23,,,,,,,North Yorkshire,http://data.ordnancesurvey.co.uk/id/7000000000183627,http://data.ordnancesurvey.co.uk/ontology/admingeo/UnitaryAuthority,Yorkshire and the Humber,http://data.ordnancesurvey.co.uk/id/7000000000041430,England,http://data.ordnancesurvey.co.uk/id/country/england,,,
osgb4000000010940817,http://data.ordnancesurvey.co.uk/id/4000000010940817,Moody Sty Lane,,,,transportNetwork,Named Road,400161,464157,1000,20000,400080,464093,400248,464208,BD23,http://data.ordnancesurvey.co.uk/id/postcodedistrict/BD23,Grassington,http://data.ordnancesurvey.co.uk/id/4000000074564363,http://www.ordnancesurvey.co.uk/xml/codelists/localtype.xml#village,,,,North Yorkshire,http://data.ordnancesurvey.co.uk/id/7000000000183627,http://data.ordnancesurvey.co.uk/ontology/admingeo/UnitaryAuthority,Yorkshire and the Humber,http://data.ordnancesurvey.co.uk/id/7000000000041430,England,http://data.ordnancesurvey.co.uk/id/country/england,,,
osgb4000000010950332,http://data.ordnancesurvey.co.uk/id/4000000010950332,Panorama Close,,,,transportNetwork,Named Road,416154,465394,1000,20000,416095,465331,416214,465451,HG3,http://data.ordnancesurvey.co.uk/id/postcodedistrict/HG3,Pateley Bridge,http://data.ordnancesurvey.co.uk/id/4000000074546010,http://www.ordnancesurvey.co.uk/xml/codelists/localtype.xml#town,,,,North Yorkshire,http://data.ordnancesurvey.co.uk/id/7000000000183627,http://data.ordnancesurvey.co.uk/ontology/admingeo/UnitaryAuthority,Yorkshire and the Humber,http://data.ordnancesurvey.co.uk/id/7000000000041430,England,http://data.ordnancesurvey.co.uk/id/country/england,,,
osgb4000000010927214,http://data.ordnancesurvey.co.uk/id/4000000010927214,Grange Lane,,,,transportNetwork,Named Road,414142,467018,7000,20000,413642,466512,414745,467544,HG3,http://data.ordnancesurvey.co.uk/id/postcodedistrict/HG3,,,,,,,North Yorkshire,http://data.ordnancesurvey.co.uk/id/7000000000183627,http://data.ordnancesurvey.co.uk/ontology/admingeo/UnitaryAuthority,Yorkshire and the Humber,http://data.ordnancesurvey.co.uk/id/7000000000041430,England,http://data.ordnancesurvey.co.uk/id/country/england,,,
osgb4000000010940815,http://data.ordnancesurvey.co.uk/id/4000000010940815,Scar Street,,,,transportNetwork,Named Road,400383,463991,1000,20000,400354,463884,400405,464096,BD23,http://data.ordnancesurvey.co.uk/id/postcodedistrict/BD23,Grassington,http://data.ordnancesurvey.co.uk/id/4000000074564363,http://www.ordnancesurvey.co.uk/xml/codelists/localtype.xml#village,,,,North Yorkshire,http://data.ordnancesurvey.co.uk/id/7000000000183627,http://data.ordnancesurvey.co.uk/ontology/admingeo/UnitaryAuthority,Yorkshire and the Humber,http://data.ordnancesurvey.co.uk/id/7000000000041430,England,http://data.ordnancesurvey.co.uk/id/country/england,,,
osgb5000005297152234,http://data.ordnancesurvey.co.uk/id/5000005297152234,Millfield End,,,,transportNetwork,Named Road,415580,465793,1000,20000,415550,465742,415623,465840,HG3,http://data.ordnancesurvey.co.uk/id/postcodedistrict/HG3,Pateley Bridge,http://data.ordnancesurvey.co.uk/id/4000000074546010,http://www.ordnancesurvey.co.uk/xml/codelists/localtype.xml#town,,,,North Yorkshire,http://data.ordnancesurvey.co.uk/id/7000000000183627,http://data.ordnancesurvey.co.uk/ontology/admingeo/UnitaryAuthority,Yorkshire and the Humber,http://data.ordnancesurvey.co.uk/id/7000000000041430,England,http://data.ordnancesurvey.co.uk/id/country/england,,,
osgb4000000011241682,http://data.ordnancesurvey.co.uk/id/4000000011241682,Stripe Lane,,,,transportNetwork,Named Road,411082,464276,2000,20000,410900,464188,411277,464309,HG3,http://data.ordnancesurvey.co.uk/id/postcodedistrict/HG3,,,,,,,North Yorkshire,http://data.ordnancesurvey.co.uk/id/7000000000183627,http://data.ordnancesurvey.co.uk/ontology/admingeo/UnitaryAuthority,Yorkshire and the Humber,http://data.ordnancesurvey.co.uk/id/7000000000041430,England,http://data.ordnancesurvey.co.uk/id/country/england,,,
osgb5000005286704063,http://data.ordnancesurvey.co.uk/id/5000005286704063,Kee Lane,,,,transportNetwork,Named Road,419478,462101,1000,20000,419477,462091,419558,462134,HG3,http://data.ordnancesurvey.co.uk/id/postcodedistrict/HG3,Dacre Banks,http://data.ordnancesurvey.co.uk/id/4000000074546000,http://www.ordnancesurvey.co.uk/xml/codelists/localtype.xml#village,,,,North Yorkshire,http://data.ordnancesurvey.co.uk/id/7000000000183627,http://data.ordnancesurvey.co.uk/ontology/admingeo/UnitaryAuthority,Yorkshire and the Humber,http://data.ordnancesurvey.co.uk/id/7000000000041430,England,http://data.ordnancesurvey.co.uk/id/country/england,,,
osgb4000000010925493,http://data.ordnancesurvey.co.uk/id/4000000010925493,Hartlington Moor Lane,,,,transportNetwork,Named Road,404901,464412,17000,20000,404274,463121,405423,465770,BD23,http://data.ordnancesurvey.co.uk/id/postcodedistrict/BD23,,,,,,,North Yorkshire,http://data.ordnancesurvey.co.uk/id/7000000000183627,http://data.ordnancesurvey.co.uk/ontology/admingeo/UnitaryAuthority,Yorkshire and the Humber,http://data.ordnancesurvey.co.uk/id/7000000000041430,England,http://data.ordnancesurvey.co.uk/id/country/england,,,
b221be64-e7e7-4512-9b14-48d50e46883f,http://data.ordnancesurvey.co.uk/id/b221be64-e7e7-4512-9b14-48d50e46883f,Panorama Walk,,,,transportNetwork,Section Of Named Road,416181,465441,2000,25000,416030,465324,416320,465553,HG3,http://data.ordnancesurvey.co.uk/id/postcodedistrict/HG3,Pateley Bridge,http://data.ordnancesurvey.co.uk/id/4000000074546010,http://www.ordnancesurvey.co.uk/xml/codelists/localtype.xml#town,,,,North Yorkshire,http://data.ordnancesurvey.co.uk/id/7000000000183627,http://data.ordnancesurvey.co.uk/ontology/admingeo/UnitaryAuthority,Yorkshire and the Humber,http://data.ordnancesurvey.co.uk/id/7000000000041430,England,http://data.ordnancesurvey.co.uk/id/country/england,osgb4000000010930497,,
9f181486-4e59-4f60-99ac-4485d5f95fb4,http://data.ordnancesurvey.co.uk/id/9f181486-4e59-4f60-99ac-4485d5f95fb4,Barden Fell View,,,,transportNetwork,Section Of Named Road,400467,463673,1000,25000,400427,463629,400513,463717,BD23,http://data.ordnancesurvey.co.uk/id/postcodedistrict/BD23,Grassington,http://data.ordnancesurvey.co.uk/id/4000000074564363,http://www.ordnancesurvey.co.uk/xml/codelists/localtype.xml#village,,,,North Yorkshire,http://data.ordnancesurvey.co.uk/id/7000000000183627,http://data.ordnancesurvey.co.uk/ontology/admingeo/UnitaryAuthority,Yorkshire and the Humber,http://data.ordnancesurvey.co.uk/id/7000000000041430,England,http://data.ordnancesurvey.co.uk/id/country/england,osgb4000000010954776,,
bc05497c-5ae0-46b2-848a-f3ccb1b4f265,http://data.ordnancesurvey.co.uk/id/bc05497c-5ae0-46b2-848a-f3ccb1b4f265,Hartlington Raikes,,,,transportNetwork,Section Of Named Road,403796,461346,4000,25000,403754,461076,403884,461630,BD23,http://data.ordnancesurvey.co.uk/id/postcodedistrict/BD23,Hartlington,http://data.ordnancesurvey.co.uk/id/4000000074547504,http://www.ordnancesurvey.co.uk/xml/codelists/localtype.xml#hamlet,,,,North Yorkshire,http://data.ordnancesurvey.co.uk/id/7000000000183627,http://data.ordnancesurvey.co.uk/ontology/admingeo/UnitaryAuthority,Yorkshire and the Humber,http://data.ordnancesurvey.co.uk/id/7000000000041430,England,http://data.ordnancesurvey.co.uk/id/country/england,osgb4000000010926184,,
d11f8eb2-75d3-41e4-a47f-22027ff8a5e7,http://data.ordnancesurvey.co.uk/id/d11f8eb2-75d3-41e4-a47f-22027ff8a5e7,Grange Lane,,,,transportNetwork,Section Of Named Road,413838,467290,2000,25000,413665,467197,414018,467460,HG3,http://data.ordnancesurvey.co.uk/id/postcodedistrict/HG3,Heathfield,http://data.ordnancesurvey.co.uk/id/4000000074547281,http://www.ordnancesurvey.co.uk/xml/codelists/localtype.xml#hamlet,,,,North Yorkshire,http://data.ordnancesurvey.co.uk/id/7000000000183627,http://data.ordnancesurvey.co.uk/ontology/admingeo/UnitaryAuthority,Yorkshire and the Humber,http://data.ordnancesurvey.co.uk/id/7000000000041430,England,http://data.ordnancesurvey.co.uk/id/country/england,osgb4000000010927214,,
osgb5000005232456587,http://data.ordnancesurvey.co.uk/id/5000005232456587,Hippings Lane,,,,transportNetwork,Named Road,402629,462048,2000,20000,402574,461906,402663,462188,BD23,http://data.ordnancesurvey.co.uk/id/postcodedistrict/BD23,,,,,,,North Yorkshire,http://data.ordnancesurvey.co.uk/id/7000000000183627,http://data.ordnancesurvey.co.uk/ontology/admingeo/UnitaryAuthority,Yorkshire and the Humber,http://data.ordnancesurvey.co.uk/id/7000000000041430,England,http://data.ordnancesurvey.co.uk/id/country/england,,,
osgb5000005231369125,http://data.ordnancesurvey.co.uk/id/5000005231369125,Stean Lane,,,,transportNetwork,Named Road,408736,473161,2000,20000,408650,473008,408817,473306,HG3,http://data.ordnancesurvey.co.uk/id/postcodedistrict/HG3,,,,,,,North Yorkshire,http://data.ordnancesurvey.co.uk/id/7000000000183627,http://data.ordnancesurvey.co.uk/ontology/admingeo/UnitaryAuthority,Yorkshire and the Humber,http://data.ordnancesurvey.co.uk/id/7000000000041430,England,http://data.ordnancesurvey.co.uk/id/country/england,,,
osgb4000000010930468,http://data.ordnancesurvey.co.uk/id/4000000010930468,Peat Lane,,,,transportNetwork,Named Road,415424,464457,4000,20000,415133,464245,415761,464638,HG3,http://data.ordnancesurvey.co.uk/id/postcodedistrict/HG3,,,,,,,North Yorkshire,http://data.ordnancesurvey.co.uk/id/7000000000183627,http://data.ordnancesurvey.co.uk/ontology/admingeo/UnitaryAuthority,Yorkshire and the Humber,http://data.ordnancesurvey.co.uk/id/7000000000041430,England,http://data.ordnancesurvey.co.uk/id/country/england,,,
osgb4000000011114538,http://data.ordnancesurvey.co.uk/id/4000000011114538,St Cuthberts Close,,,,transportNetwork,Named Road,415907,465738,1000,20000,415867,465711,415942,465764,HG3,http://data.ordnancesurvey.co.uk/id/postcodedistrict/HG3,Pateley Bridge,http://data.ordnancesurvey.co.uk/id/4000000074546010,http://www.ordnancesurvey.co.uk/xml/codelists/localtype.xml#town,,,,North Yorkshire,http://data.ordnancesurvey.co.uk/id/7000000000183627,http://data.ordnancesurvey.co.uk/ontology/admingeo/UnitaryAuthority,Yorkshire and the Humber,http://data.ordnancesurvey.co.uk/id/7000000000041430,England,http://data.ordnancesurvey.co.uk/id/country/england,,,
osgb4000000010966127,http://data.ordnancesurvey.co.uk/id/4000000010966127,Colbeck Lane,,,,transportNetwork,Named Road,415819,465686,1000,20000,415797,465679,415867,465703,HG3,http://data.ordnancesurvey.co.uk/id/postcodedistrict/HG3,Pateley Bridge,http://data.ordnancesurvey.co.uk/id/4000000074546010,http://www.ordnancesurvey.co.uk/xml/codelists/localtype.xml#town,,,,North Yorkshire,http://data.ordnancesurvey.co.uk/id/7000000000183627,http://data.ordnancesurvey.co.uk/ontology/admingeo/UnitaryAuthority,Yorkshire and the Humber,http://data.ordnancesurvey.co.uk/id/7000000000041430,England,http://data.ordnancesurvey.co.uk/id/country/england,,,
10dca18f-2bae-486f-a214-2e685dbeaad8,http://data.ordnancesurvey.co.uk/id/10dca18f-2bae-486f-a214-2e685dbeaad8,The Raikes,,,,transportNetwork,Section Of Named Road,418230,464871,3000,25000,418166,464612,418343,465032,HG3,http://data.ordnancesurvey.co.uk/id/postcodedistrict/HG3,Wilsill,http://data.ordnancesurvey.co.uk/id/4000000074546006,http://www.ordnancesurvey.co.uk/xml/codelists/localtype.xml#village,,,,North Yorkshire,http://data.ordnancesurvey.co.uk/id/7000000000183627,http://data.ordnancesurvey.co.uk/ontology/admingeo/UnitaryAuthority,Yorkshire and the Humber,http://data.ordnancesurvey.co.uk/id/7000000000041430,England,http://data.ordnancesurvey.co.uk/id/country/england,osgb4000000010930499,,
osgb4000000010954777,http://data.ordnancesurvey.co.uk/id/4000000010954777,Sedber Lane,,,,transportNetwork,Named Road,400186,463501,3000,20000,400048,463294,400347,463703,BD23,http://data.ordnancesurvey.co.uk/id/postcodedistrict/BD23,,,,,,,North Yorkshire,http://data.ordnancesurvey.co.uk/id/7000000000183627,http://data.ordnancesurvey.co.uk/ontology/admingeo/UnitaryAuthority,Yorkshire and the Humber,http://data.ordnancesurvey.co.uk/id/7000000000041430,England,http://data.ordnancesurvey.co.uk/id/country/england,,,
osgb5000005305913957,http://data.ordnancesurvey.co.uk/id/5000005305913957,Nought Moor Road,,,,transportNetwork,Named Road,415613,464003,4000,20000,415546,463709,415671,464303,HG3,http://data.ordnancesurvey.co.uk/id/postcodedistrict/HG3,,,,,,,North Yorkshire,http://data.ordnancesurvey.co.uk/id/7000000000183627,http://data.ordnancesurvey.co.uk/ontology/admingeo/UnitaryAuthority,Yorkshire and the Humber,http://data.ordnancesurvey.co.uk/id/7000000000041430,England,http://data.ordnancesurvey.co.uk/id/country/england,,,
osgb5000005232275041,http://data.ordnancesurvey.co.uk/id/5000005232275041,Bare House Lane,,,,transportNetwork,Named Road,401232,466471,3000,20000,401069,466214,401335,466674,BD23,http://data.ordnancesurvey.co.uk/id/postcodedistrict/BD23,,,,,,,North Yorkshire,http://data.ordnancesurvey.co.uk/id/7000000000183627,http://data.ordnancesurvey.co.uk/ontology/admingeo/UnitaryAuthority,Yorkshire and the Humber,http://data.ordnancesurvey.co.uk/id/7000000000041430,England,http://data.ordnancesurvey.co.uk/id/country/england,,,
osgb5000005232279590,http://data.ordnancesurvey.co.uk/id/5000005232279590,Tinker's Lane,,,,transportNetwork,Named Road,401980,464467,3000,20000,401925,464210,402114,464740,BD23,http://data.ordnancesurvey.co.uk/id/postcodedistrict/BD23,,,,,,,North Yorkshire,http://data.ordnancesurvey.co.uk/id/7000000000183627,http://data.ordnancesurvey.co.uk/ontology/admingeo/UnitaryAuthority,Yorkshire and the Humber,http://data.ordnancesurvey.co.uk/id/7000000000041430,England,http://data.ordnancesurvey.co.uk/id/country/england,,,
osgb5000005305913972,http://data.ordnancesurvey.co.uk/id/5000005305913972,Plumpton Way,,,,transportNetwork,Named Road,413742,461633,5000,20000,413737,461211,413907,462044,HG3,http://data.ordnancesurvey.co.uk/id/postcodedistrict/HG3,,,,,,,North Yorkshire,http://data.ordnancesurvey.co.uk/id/7000000000183627,http://data.ordnancesurvey.co.uk/ontology/admingeo/UnitaryAuthority,Yorkshire and the Humber,http://data.ordnancesurvey.co.uk/id/7000000000041430,England,http://data.ordnancesurvey.co.uk/id/country/england,,,
osgb4000000010966122,http://data.ordnancesurvey.co.uk/id/4000000010966122,Greenwood Road,,,,transportNetwork,Named Road,415723,465765,1000,20000,415662,465715,415761,465840,HG3,http://data.ordnancesurvey.co.uk/id/postcodedistrict/HG3,Pateley Bridge,http://data.ordnancesurvey.co.uk/id/4000000074546010,http://www.ordnancesurvey.co.uk/xml/codelists/localtype.xml#town,,,,North Yorkshire,http://data.ordnancesurvey.co.uk/id/7000000000183627,http://data.ordnancesurvey.co.uk/ontology/admingeo/UnitaryAuthority,Yorkshire and the Humber,http://data.ordnancesurvey.co.uk/id/7000000000041430,England,http://data.ordnancesurvey.co.uk/id/country/england,,,
osgb5000005305914018,http://data.ordnancesurvey.co.uk/id/5000005305914018,Ledesway,,,,transportNetwork,Named Road,400205,464023,1000,20000,400152,464012,400243,464034,BD23,http://data.ordnancesurvey.co.uk/id/postcodedistrict/BD23,Grassington,http://data.ordnancesurvey.co.uk/id/4000000074564363,http://www.ordnancesurvey.co.uk/xml/codelists/localtype.xml#village,,,,North Yorkshire,http://data.ordnancesurvey.co.uk/id/7000000000183627,http://data.ordnancesurvey.co.uk/ontology/admingeo/UnitaryAuthority,Yorkshire and the Humber,http://data.ordnancesurvey.co.uk/id/7000000000041430,England,http://data.ordnancesurvey.co.uk/id/country/england,,,
osgb4000000010940810,http://data.ordnancesurvey.co.uk/id/4000000010940810,Woodhouse Lane,,,,transportNetwork,Named Road,404005,460599,2000,20000,403987,460506,404093,460754,BD23,http://data.ordnancesurvey.co.uk/id/postcodedistrict/BD23,,,,,,,North Yorkshire,http://data.ordnancesurvey.co.uk/id/7000000000183627,http://data.ordnancesurvey.co.uk/ontology/admingeo/UnitaryAuthority,Yorkshire and the Humber,http://data.ordnancesurvey.co.uk/id/7000000000041430,England,http://data.ordnancesurvey.co.uk/id/country/england,,,
osgb4000000010966128,http://data.ordnancesurvey.co.uk/id/4000000010966128,Park Road,,,,transportNetwork,Named Road,415797,465679,1000,20000,415780,465657,415806,465728,HG3,http://data.ordnancesurvey.co.uk/id/postcodedistrict/HG3,Pateley Bridge,http://data.ordnancesurvey.co.uk/id/4000000074546010,http://www.ordnancesurvey.co.uk/xml/codelists/localtype.xml#town,,,,North Yorkshire,http://data.ordnancesurvey.co.uk/id/7000000000183627,http://data.ordnancesurvey.co.uk/ontology/admingeo/UnitaryAuthority,Yorkshire and the Humber,http://data.ordnancesurvey.co.uk/id/7000000000041430,England,http://data.ordnancesurvey.co.uk/id/country/england,,,
osgb4000000010940814,http://data.ordnancesurvey.co.uk/id/4000000010940814,Bank Lane,,,,transportNetwork,Named Road,400221,464819,5000,20000,400043,464431,400276,465135,BD23,http://data.ordnancesurvey.co.uk/id/postcodedistrict/BD23,,,,,,,North Yorkshire,http://data.ordnancesurvey.co.uk/id/7000000000183627,http://data.ordnancesurvey.co.uk/ontology/admingeo/UnitaryAuthority,Yorkshire and the Humber,http://data.ordnancesurvey.co.uk/id/7000000000041430,England,http://data.ordnancesurvey.co.uk/id/country/england,,,
osgb4000000010930710,http://data.ordnancesurvey.co.uk/id/4000000010930710,Knowle Lane,,,,transportNetwork,Named Road,418195,479094,4000,20000,417870,478803,418496,479361,HG4,http://data.ordnancesurvey.co.uk/id/postcodedistrict/HG4,,,,,,,North Yorkshire,http://data.ordnancesurvey.co.uk/id/7000000000183627,http://data.ordnancesurvey.co.uk/ontology/admingeo/UnitaryAuthority,Yorkshire and the Humber,http://data.ordnancesurvey.co.uk/id/7000000000041430,England,http://data.ordnancesurvey.co.uk/id/country/england,,,
osgb4000000010930688,http://data.ordnancesurvey.co.uk/id/4000000010930688,Broad Carr Road,,,,transportNetwork,Named Road,410407,471161,18000,20000,409049,470004,411858,471399,HG3,http://data.ordnancesurvey.co.uk/id/postcodedistrict/HG3,,,,,,,North Yorkshire,http://data.ordnancesurvey.co.uk/id/7000000000183627,http://data.ordnancesurvey.co.uk/ontology/admingeo/UnitaryAuthority,Yorkshire and the Humber,http://data.ordnancesurvey.co.uk/id/7000000000041430,England,http://data.ordnancesurvey.co.uk/id/country/england,,,
osgb5000005232278883,http://data.ordnancesurvey.co.uk/id/5000005232278883,Intake Lane,,,,transportNetwork,Named Road,400422,464568,2000,20000,400290,464478,400513,464711,BD23,http://data.ordnancesurvey.co.uk/id/postcodedistrict/BD23,,,,,,,North Yorkshire,http://data.ordnancesurvey.co.uk/id/7000000000183627,http://data.ordnancesurvey.co.uk/ontology/admingeo/UnitaryAuthority,Yorkshire and the Humber,http://data.ordnancesurvey.co.uk/id/7000000000041430,England,http://data.ordnancesurvey.co.uk/id/country/england,,,
52efe2f1-0a93-418a-b064-9686116d8c92,http://data.ordnancesurvey.co.uk/id/52efe2f1-0a93-418a-b064-9686116d8c92,High Lane,,,,transportNetwork,Section Of Named Road,400400,464132,1000,25000,400343,464121,400474,464176,BD23,http://data.ordnancesurvey.co.uk/id/postcodedistrict/BD23,Grassington,http://data.ordnancesurvey.co.uk/id/4000000074564363,http://www.ordnancesurvey.co.uk/xml/codelists/localtype.xml#village,,,,North Yorkshire,http://data.ordnancesurvey.co.uk/id/7000000000183627,http://data.ordnancesurvey.co.uk/ontology/admingeo/UnitaryAuthority,Yorkshire and the Humber,http://data.ordnancesurvey.co.uk/id/7000000000041430,England,http://data.ordnancesurvey.co.uk/id/country/england,osgb4000000010954789,,
a48b3aa7-3bb0-4f20-8a33-55f8e4e226d4,http://data.ordnancesurvey.co.uk/id/a48b3aa7-3bb0-4f20-8a33-55f8e4e226d4,Mill Hurst,,,,transportNetwork,Section Of Named Road,419184,460566,1000,25000,419184,460525,419190,460580,HG3,http://data.ordnancesurvey.co.uk/id/postcodedistrict/HG3,Dacre,http://data.ordnancesurvey.co.uk/id/4000000074545999,http://www.ordnancesurvey.co.uk/xml/codelists/localtype.xml#village,,,,North Yorkshire,http://data.ordnancesurvey.co.uk/id/7000000000183627,http://data.ordnancesurvey.co.uk/ontology/admingeo/UnitaryAuthority,Yorkshire and the Humber,http://data.ordnancesurvey.co.uk/id/7000000000041430,England,http://data.ordnancesurvey.co.uk/id/country/england,osgb4000000010985702,,
1866efeb-f4c4-41d6-ade6-dfbc9868f8bc,http://data.ordnancesurvey.co.uk/id/1866efeb-f4c4-41d6-ade6-dfbc9868f8bc,Skyreholme Lane,,,,transportNetwork,Section Of Named Road,406837,460698,1000,25000,406835,460678,406842,460728,BD23,http://data.ordnancesurvey.co.uk/id/postcodedistrict/BD23,Middle Skyreholme,http://data.ordnancesurvey.co.uk/id/4000000074547501,http://www.ordnancesurvey.co.uk/xml/codelists/localtype.xml#hamlet,,,,North Yorkshire,http://data.ordnancesurvey.co.uk/id/7000000000183627,http://data.ordnancesurvey.co.uk/ontology/admingeo/UnitaryAuthority,Yorkshire and the Humber,http://data.ordnancesurvey.co.uk/id/7000000000041430,England,http://data.ordnancesurvey.co.uk/id/country/england,osgb4000000010930461,,
3132851d-3964-4db7-83a2-cb6c441f7d6a,http://data.ordnancesurvey.co.uk/id/3132851d-3964-4db7-83a2-cb6c441f7d6a,Birch Lane,,,,transportNetwork,Section Of Named Road,419554,462162,1000,25000,419548,462134,419558,462178,HG3,http://data.ordnancesurvey.co.uk/id/postcodedistrict/HG3,Dacre Banks,http://data.ordnancesurvey.co.uk/id/4000000074546000,http://www.ordnancesurvey.co.uk/xml/codelists/localtype.xml#village,,,,North Yorkshire,http://data.ordnancesurvey.co.uk/id/7000000000183627,http://data.ordnancesurvey.co.uk/ontology/admingeo/UnitaryAuthority,Yorkshire and the Humber,http://data.ordnancesurvey.co.uk/id/7000000000041430,England,http://data.ordnancesurvey.co.uk/id/country/england,osgb4000000011124803,,
osgb4000000010930497,http://data.ordnancesurvey.co.uk/id/4000000010930497,Panorama Walk,,,,transportNetwork,Named Road,416447,465256,6000,20000,416030,465107,416904,465553,HG3,http://data.ordnancesurvey.co.uk/id/postcodedistrict/HG3,,,,,,,North Yorkshire,http://data.ordnancesurvey.co.uk/id/7000000000183627,http://data.ordnancesurvey.co.uk/ontology/admingeo/UnitaryAuthority,Yorkshire and the Humber,http://data.ordnancesurvey.co.uk/id/7000000000041430,England,http://data.ordnancesurvey.co.uk/id/country/england,,,
b34a1851-4bd4-45e7-88ae-57e6f4a55b8a,http://data.ordnancesurvey.co.uk/id/b34a1851-4bd4-45e7-88ae-57e6f4a55b8a,Cam Gill Road,,,,transportNetwork,Section Of Named Road,402205,479312,2000,25000,402056,479286,402319,479377,DL8,http://data.ordnancesurvey.co.uk/id/postcodedistrict/DL8,Woodale,http://data.ordnancesurvey.co.uk/id/4000000074331540,http://www.ordnancesurvey.co.uk/xml/codelists/localtype.xml#hamlet,,,,North Yorkshire,http://data.ordnancesurvey.co.uk/id/7000000000183627,http://data.ordnancesurvey.co.uk/ontology/admingeo/UnitaryAuthority,Yorkshire and the Humber,http://data.ordnancesurvey.co.uk/id/7000000000041430,England,http://data.ordnancesurvey.co.uk/id/country/england,osgb4000000009412363,,
osgb4000000010966123,http://data.ordnancesurvey.co.uk/id/4000000010966123,New Church Street,,,,transportNetwork,Named Road,415885,465839,1000,20000,415864,465776,415890,465894,HG3,http://data.ordnancesurvey.co.uk/id/postcodedistrict/HG3,Pateley Bridge,http://data.ordnancesurvey.co.uk/id/4000000074546010,http://www.ordnancesurvey.co.uk/xml/codelists/localtype.xml#town,,,,North Yorkshire,http://data.ordnancesurvey.co.uk/id/7000000000183627,http://data.ordnancesurvey.co.uk/ontology/admingeo/UnitaryAuthority,Yorkshire and the Humber,http://data.ordnancesurvey.co.uk/id/7000000000041430,England,http://data.ordnancesurvey.co.uk/id/country/england,,,
cdd31edc-5308-42ca-bf3d-02bd99c84769,http://data.ordnancesurvey.co.uk/id/cdd31edc-5308-42ca-bf3d-02bd99c84769,Sandy Lane,,,,transportNetwork,Section Of Named Road,417591,464765,1000,25000,417561,464698,417646,464798,HG3,http://data.ordnancesurvey.co.uk/id/postcodedistrict/HG3,Glasshouses,http://data.ordnancesurvey.co.uk/id/4000000074546007,http://www.ordnancesurvey.co.uk/xml/codelists/localtype.xml#village,,,,North Yorkshire,http://data.ordnancesurvey.co.uk/id/7000000000183627,http://data.ordnancesurvey.co.uk/ontology/admingeo/UnitaryAuthority,Yorkshire and the Humber,http://data.ordnancesurvey.co.uk/id/7000000000041430,England,http://data.ordnancesurvey.co.uk/id/country/england,osgb4000000010937530,,
osgb4000000011271783,http://data.ordnancesurvey.co.uk/id/4000000011271783,Hartwith View,,,,transportNetwork,Named Road,419746,461866,1000,20000,419698,461837,419781,461874,HG3,http://data.ordnancesurvey.co.uk/id/postcodedistrict/HG3,Dacre Banks,http://data.ordnancesurvey.co.uk/id/4000000074546000,http://www.ordnancesurvey.co.uk/xml/codelists/localtype.xml#village,,,,North Yorkshire,http://data.ordnancesurvey.co.uk/id/7000000000183627,http://data.ordnancesurvey.co.uk/ontology/admingeo/UnitaryAuthority,Yorkshire and the Humber,http://data.ordnancesurvey.co.uk/id/7000000000041430,England,http://data.ordnancesurvey.co.uk/id/country/england,,,
osgb4000000010927090,http://data.ordnancesurvey.co.uk/id/4000000010927090,Duck Street Lane,,,,transportNetwork,Named Road,411426,463617,6000,20000,411249,463188,411818,464176,HG3,http://data.ordnancesurvey.co.uk/id/postcodedistrict/HG3,,,,,,,North Yorkshire,http://data.ordnancesurvey.co.uk/id/7000000000183627,http://data.ordnancesurvey.co.uk/ontology/admingeo/UnitaryAuthority,Yorkshire and the Humber,http://data.ordnancesurvey.co.uk/id/7000000000041430,England,http://data.ordnancesurvey.co.uk/id/country/england,,,
osgb4000000010928289,http://data.ordnancesurvey.co.uk/id/4000000010928289,Back Lane,,,,transportNetwork,Named Road,402642,462893,2000,20000,402506,462710,402723,463074,BD23,http://data.ordnancesurvey.co.uk/id/postcodedistrict/BD23,Hebden,http://data.ordnancesurvey.co.uk/id/4000000074547511,http://www.ordnancesurvey.co.uk/xml/codelists/localtype.xml#village,,,,North Yorkshire,http://data.ordnancesurvey.co.uk/id/7000000000183627,http://data.ordnancesurvey.co.uk/ontology/admingeo/UnitaryAuthority,Yorkshire and the Humber,http://data.ordnancesurvey.co.uk/id/7000000000041430,England,http://data.ordnancesurvey.co.uk/id/country/england,,,
osgb5000005231366579,http://data.ordnancesurvey.co.uk/id/5000005231366579,Dale Edge,,,,transportNetwork,Named Road,410792,477304,5000,20000,410265,476810,411004,477606,HG3,http://data.ordnancesurvey.co.uk/id/postcodedistrict/HG3,,,,,,,North Yorkshire,http://data.ordnancesurvey.co.uk/id/7000000000183627,http://data.ordnancesurvey.co.uk/ontology/admingeo/UnitaryAuthority,Yorkshire and the Humber,http://data.ordnancesurvey.co.uk/id/7000000000041430,England,http://data.ordnancesurvey.co.uk/id/country/england,,,
osgb4000000010932598,http://data.ordnancesurvey.co.uk/id/4000000010932598,Garrs End Lane,,,,transportNetwork,Named Road,400190,464294,2000,20000,400071,464172,400321,464439,BD23,http://data.ordnancesurvey.co.uk/id/postcodedistrict/BD23,Grassington,http://data.ordnancesurvey.co.uk/id/4000000074564363,http://www.ordnancesurvey.co.uk/xml/codelists/localtype.xml#village,,,,North Yorkshire,http://data.ordnancesurvey.co.uk/id/7000000000183627,http://data.ordnancesurvey.co.uk/ontology/admingeo/UnitaryAuthority,Yorkshire and the Humber,http://data.ordnancesurvey.co.uk/id/7000000000041430,England,http://data.ordnancesurvey.co.uk/id/country/england,,,
osgb5000005232279844,http://data.ordnancesurvey.co.uk/id/5000005232279844,Backstone Edge Lane,,,,transportNetwork,Named Road,403378,463902,11000,20000,403368,463073,403746,464784,BD23,http://data.ordnancesurvey.co.uk/id/postcodedistrict/BD23,,,,,,,North Yorkshire,http://data.ordnancesurvey.co.uk/id/7000000000183627,http://data.ordnancesurvey.co.uk/ontology/admingeo/UnitaryAuthority,Yorkshire and the Humber,http://data.ordnancesurvey.co.uk/id/7000000000041430,England,http://data.ordnancesurvey.co.uk/id/country/england,,,
osgb4000000010954779,http://data.ordnancesurvey.co.uk/id/4000000010954779,Springfield Road,,,,transportNetwork,Named Road,400284,463854,1000,20000,400267,463842,400342,463885,BD23,http://data.ordnancesurvey.co.uk/id/postcodedistrict/BD23,Grassington,http://data.ordnancesurvey.co.uk/id/4000000074564363,http://www.ordnancesurvey.co.uk/xml/codelists/localtype.xml#village,,,,North Yorkshire,http://data.ordnancesurvey.co.uk/id/7000000000183627,http://data.ordnancesurvey.co.uk/ontology/admingeo/UnitaryAuthority,Yorkshire and the Humber,http://data.ordnancesurvey.co.uk/id/7000000000041430,England,http://data.ordnancesurvey.co.uk/id/country/england,,,
osgb5000005305914034,http://data.ordnancesurvey.co.uk/id/5000005305914034,Conistone Turf Road,,,,transportNetwork,Named Road,400165,469835,11000,20000,399630,468650,401385,470383,BD23,http://data.ordnancesurvey.co.uk/id/postcodedistrict/BD23,,,,,,,North Yorkshire,http://data.ordnancesurvey.co.uk/id/7000000000183627,http://data.ordnancesurvey.co.uk/ontology/admingeo/UnitaryAuthority,Yorkshire and the Humber,http://data.ordnancesurvey.co.uk/id/7000000000041430,England,http://data.ordnancesurvey.co.uk/id/country/england,,,
osgb5000005232275039,http://data.ordnancesurvey.co.uk/id/5000005232275039,Mire Lane,,,,transportNetwork,Named Road,401029,464845,1000,20000,400960,464834,401124,464860,BD23,http://data.ordnancesurvey.co.uk/id/postcodedistrict/BD23,,,,,,,North Yorkshire,http://data.ordnancesurvey.co.uk/id/7000000000183627,http://data.ordnancesurvey.co.uk/ontology/admingeo/UnitaryAuthority,Yorkshire and the Humber,http://data.ordnancesurvey.co.uk/id/7000000000041430,England,http://data.ordnancesurvey.co.uk/id/country/england,,,
osgb4000000010937850,http://data.ordnancesurvey.co.uk/id/4000000010937850,Cross Lane,,,,transportNetwork,Named Road,409079,474551,2000,20000,409018,474416,409137,474681,HG3,http://data.ordnancesurvey.co.uk/id/postcodedistrict/HG3,,,,,,,North Yorkshire,http://data.ordnancesurvey.co.uk/id/7000000000183627,http://data.ordnancesurvey.co.uk/ontology/admingeo/UnitaryAuthority,Yorkshire and the Humber,http://data.ordnancesurvey.co.uk/id/7000000000041430,England,http://data.ordnancesurvey.co.uk/id/country/england,,,
osgb4000000010928288,http://data.ordnancesurvey.co.uk/id/4000000010928288,Main Street,,,,transportNetwork,Named Road,402697,462957,3000,20000,402592,462710,402773,463169,BD23,http://data.ordnancesurvey.co.uk/id/postcodedistrict/BD23,Hebden,http://data.ordnancesurvey.co.uk/id/4000000074547511,http://www.ordnancesurvey.co.uk/xml/codelists/localtype.xml#village,,,,North Yorkshire,http://data.ordnancesurvey.co.uk/id/7000000000183627,http://data.ordnancesurvey.co.uk/ontology/admingeo/UnitaryAuthority,Yorkshire and the Humber,http://data.ordnancesurvey.co.uk/id/7000000000041430,England,http://data.ordnancesurvey.co.uk/id/country/england,,,
a2ee6ad9-71c5-44f5-ab3f-20863e810bbc,http://data.ordnancesurvey.co.uk/id/a2ee6ad9-71c5-44f5-ab3f-20863e810bbc,Back Lane,,,,transportNetwork,Section Of Named Road,403060,460970,1000,25000,402969,460949,403157,460991,BD23,http://data.ordnancesurvey.co.uk/id/postcodedistrict/BD23,Burnsall,http://data.ordnancesurvey.co.uk/id/4000000074545783,http://www.ordnancesurvey.co.uk/xml/codelists/localtype.xml#village,,,,North Yorkshire,http://data.ordnancesurvey.co.uk/id/7000000000183627,http://data.ordnancesurvey.co.uk/ontology/admingeo/UnitaryAuthority,Yorkshire and the Humber,http://data.ordnancesurvey.co.uk/id/7000000000041430,England,http://data.ordnancesurvey.co.uk/id/country/england,osgb4000000011245394,,
osgb5000005173009878,http://data.ordnancesurvey.co.uk/id/5000005173009878,Pletts Fold,,,,transportNetwork,Named Road,400243,463967,1000,20000,400230,463950,400247,463979,BD23,http://data.ordnancesurvey.co.uk/id/postcodedistrict/BD23,Grassington,http://data.ordnancesurvey.co.uk/id/4000000074564363,http://www.ordnancesurvey.co.uk/xml/codelists/localtype.xml#village,,,,North Yorkshire,http://data.ordnancesurvey.co.uk/id/7000000000183627,http://data.ordnancesurvey.co.uk/ontology/admingeo/UnitaryAuthority,Yorkshire and the Humber,http://data.ordnancesurvey.co.uk/id/7000000000041430,England,http://data.ordnancesurvey.co.uk/id/country/england,,,
osgb4000000010925776,http://data.ordnancesurvey.co.uk/id/4000000010925776,Wath Lane,,,,transportNetwork,Named Road,416159,466895,14000,20000,414977,466870,417170,467513,HG3,http://data.ordnancesurvey.co.uk/id/postcodedistrict/HG3,,,,,,,North Yorkshire,http://data.ordnancesurvey.co.uk/id/7000000000183627,http://data.ordnancesurvey.co.uk/ontology/admingeo/UnitaryAuthority,Yorkshire and the Humber,http://data.ordnancesurvey.co.uk/id/7000000000041430,England,http://data.ordnancesurvey.co.uk/id/country/england,,,
osgb4000000010930471,http://data.ordnancesurvey.co.uk/id/4000000010930471,Red Brae Bank,,,,transportNetwork,Named Road,414444,465068,4000,20000,414164,464969,414723,465095,HG3,http://data.ordnancesurvey.co.uk/id/postcodedistrict/HG3,,,,,,,North Yorkshire,http://data.ordnancesurvey.co.uk/id/7000000000183627,http://data.ordnancesurvey.co.uk/ontology/admingeo/UnitaryAuthority,Yorkshire and the Humber,http://data.ordnancesurvey.co.uk/id/7000000000041430,England,http://data.ordnancesurvey.co.uk/id/country/england,,,
osgb4000000010930689,http://data.ordnancesurvey.co.uk/id/4000000010930689,Stud Fold Bank,,,,transportNetwork,Named Road,409633,473000,3000,20000,409342,472784,409840,473303,HG3,http://data.ordnancesurvey.co.uk/id/postcodedistrict/HG3,,,,,,,North Yorkshire,http://data.ordnancesurvey.co.uk/id/7000000000183627,http://data.ordnancesurvey.co.uk/ontology/admingeo/UnitaryAuthority,Yorkshire and the Humber,http://data.ordnancesurvey.co.uk/id/7000000000041430,England,http://data.ordnancesurvey.co.uk/id/country/england,,,
e9319e0d-927a-41a4-9c73-f113c5b84ed2,http://data.ordnancesurvey.co.uk/id/e9319e0d-927a-41a4-9c73-f113c5b84ed2,Fell View Square,,,,transportNetwork,Section Of Named Road,400382,463683,1000,25000,400382,463683,400393,463693,BD23,http://data.ordnancesurvey.co.uk/id/postcodedistrict/BD23,Grassington,http://data.ordnancesurvey.co.uk/id/4000000074564363,http://www.ordnancesurvey.co.uk/xml/codelists/localtype.xml#village,,,,North Yorkshire,http://data.ordnancesurvey.co.uk/id/7000000000183627,http://data.ordnancesurvey.co.uk/ontology/admingeo/UnitaryAuthority,Yorkshire and the Humber,http://data.ordnancesurvey.co.uk/id/7000000000041430,England,http://data.ordnancesurvey.co.uk/id/country/england,osgb4000000010969697,,
osgb4000000010927088,http://data.ordnancesurvey.co.uk/id/4000000010927088,Redlish Road Or Blake Gate,,,,transportNetwork,Named Road,413070,461815,20000,20000,411818,460187,414138,463188,HG3,http://data.ordnancesurvey.co.uk/id/postcodedistrict/HG3,,,,,,,North Yorkshire,http://data.ordnancesurvey.co.uk/id/7000000000183627,http://data.ordnancesurvey.co.uk/ontology/admingeo/UnitaryAuthority,Yorkshire and the Humber,http://data.ordnancesurvey.co.uk/id/7000000000041430,England,http://data.ordnancesurvey.co.uk/id/country/england,,,
osgb4000000010954792,http://data.ordnancesurvey.co.uk/id/4000000010954792,Brayshaw Lane,,,,transportNetwork,Named Road,402477,463128,1000,20000,402467,463074,402506,463148,BD23,http://data.ordnancesurvey.co.uk/id/postcodedistrict/BD23,Hebden,http://data.ordnancesurvey.co.uk/id/4000000074547511,http://www.ordnancesurvey.co.uk/xml/codelists/localtype.xml#village,,,,North Yorkshire,http://data.ordnancesurvey.co.uk/id/7000000000183627,http://data.ordnancesurvey.co.uk/ontology/admingeo/UnitaryAuthority,Yorkshire and the Humber,http://data.ordnancesurvey.co.uk/id/7000000000041430,England,http://data.ordnancesurvey.co.uk/id/country/england,,,
osgb4000000010928286,http://data.ordnancesurvey.co.uk/id/4000000010928286,Hebden Road,,,,transportNetwork,Named Road,400366,463684,3000,20000,400214,463503,400562,463943,BD23,http://data.ordnancesurvey.co.uk/id/postcodedistrict/BD23,Grassington,http://data.ordnancesurvey.co.uk/id/4000000074564363,http://www.ordnancesurvey.co.uk/xml/codelists/localtype.xml#village,,,,North Yorkshire,http://data.ordnancesurvey.co.uk/id/7000000000183627,http://data.ordnancesurvey.co.uk/ontology/admingeo/UnitaryAuthority,Yorkshire and the Humber,http://data.ordnancesurvey.co.uk/id/7000000000041430,England,http://data.ordnancesurvey.co.uk/id/country/england,,,
osgb4000000010932596,http://data.ordnancesurvey.co.uk/id/4000000010932596,Church Road,,,,transportNetwork,Named Road,400164,463212,4000,20000,399861,463081,400449,463292,BD23,http://data.ordnancesurvey.co.uk/id/postcodedistrict/BD23,Linton,http://data.ordnancesurvey.co.uk/id/4000000074564034,http://www.ordnancesurvey.co.uk/xml/codelists/localtype.xml#village,,,,North Yorkshire,http://data.ordnancesurvey.co.uk/id/7000000000183627,http://data.ordnancesurvey.co.uk/ontology/admingeo/UnitaryAuthority,Yorkshire and the Humber,http://data.ordnancesurvey.co.uk/id/7000000000041430,England,http://data.ordnancesurvey.co.uk/id/country/england,,,
osgb4000000010930460,http://data.ordnancesurvey.co.uk/id/4000000010930460,Hazler Lane,,,,transportNetwork,Named Road,406110,460096,3000,20000,405909,460031,406294,460162,BD23,http://data.ordnancesurvey.co.uk/id/postcodedistrict/BD23,,,,,,,North Yorkshire,http://data.ordnancesurvey.co.uk/id/7000000000183627,http://data.ordnancesurvey.co.uk/ontology/admingeo/UnitaryAuthority,Yorkshire and the Humber,http://data.ordnancesurvey.co.uk/id/7000000000041430,England,http://data.ordnancesurvey.co.uk/id/country/england,,,
474fa94d-d7be-40aa-acb1-b8a638580c55,http://data.ordnancesurvey.co.uk/id/474fa94d-d7be-40aa-acb1-b8a638580c55,Thorpe Lane,,,,transportNetwork,Section Of Named Road,401213,461956,1000,25000,401175,461945,401253,461982,BD23,http://data.ordnancesurvey.co.uk/id/postcodedistrict/BD23,Thorpe,http://data.ordnancesurvey.co.uk/id/4000000074545777,http://www.ordnancesurvey.co.uk/xml/codelists/localtype.xml#hamlet,,,,North Yorkshire,http://data.ordnancesurvey.co.uk/id/7000000000183627,http://data.ordnancesurvey.co.uk/ontology/admingeo/UnitaryAuthority,Yorkshire and the Humber,http://data.ordnancesurvey.co.uk/id/7000000000041430,England,http://data.ordnancesurvey.co.uk/id/country/england,osgb4000000010925378,,
e417d213-4984-4fb1-94e1-f6568c5ce053,http://data.ordnancesurvey.co.uk/id/e417d213-4984-4fb1-94e1-f6568c5ce053,Heyshaw Road,,,,transportNetwork,Section Of Named Road,417179,461790,1000,25000,417107,461752,417277,461850,HG3,http://data.ordnancesurvey.co.uk/id/postcodedistrict/HG3,Heyshaw,http://data.ordnancesurvey.co.uk/id/4000000074546005,http://www.ordnancesurvey.co.uk/xml/codelists/localtype.xml#hamlet,,,,North Yorkshire,http://data.ordnancesurvey.co.uk/id/7000000000183627,http://data.ordnancesurvey.co.uk/ontology/admingeo/UnitaryAuthority,Yorkshire and the Humber,http://data.ordnancesurvey.co.uk/id/7000000000041430,England,http://data.ordnancesurvey.co.uk/id/country/england,osgb4000000010937514,,
osgb4000000010932599,http://data.ordnancesurvey.co.uk/id/4000000010932599,Mill Lane,,,,transportNetwork,Named Road,402642,462554,2000,20000,402594,462373,402727,462710,BD23,http://data.ordnancesurvey.co.uk/id/postcodedistrict/BD23,Hebden,http://data.ordnancesurvey.co.uk/id/4000000074547511,http://www.ordnancesurvey.co.uk/xml/codelists/localtype.xml#village,,,,North Yorkshire,http://data.ordnancesurvey.co.uk/id/7000000000183627,http://data.ordnancesurvey.co.uk/ontology/admingeo/UnitaryAuthority,Yorkshire and the Humber,http://data.ordnancesurvey.co.uk/id/7000000000041430,England,http://data.ordnancesurvey.co.uk/id/country/england,,,
8a219ede-dd73-49d0-af27-f3dd38f0093d,http://data.ordnancesurvey.co.uk/id/8a219ede-dd73-49d0-af27-f3dd38f0093d,Kail Lane,,,,transportNetwork,Section Of Named Road,401414,461849,2000,25000,401253,461821,401555,461945,BD23,http://data.ordnancesurvey.co.uk/id/postcodedistrict/BD23,Thorpe,http://data.ordnancesurvey.co.uk/id/4000000074545777,http://www.ordnancesurvey.co.uk/xml/codelists/localtype.xml#hamlet,,,,North Yorkshire,http://data.ordnancesurvey.co.uk/id/7000000000183627,http://data.ordnancesurvey.co.uk/ontology/admingeo/UnitaryAuthority,Yorkshire and the Humber,http://data.ordnancesurvey.co.uk/id/7000000000041430,England,http://data.ordnancesurvey.co.uk/id/country/england,osgb4000000010932595,,
osgb4000000011134831,http://data.ordnancesurvey.co.uk/id/4000000011134831,Summers Fold,,,,transportNetwork,Named Road,400243,464074,1000,20000,400238,464054,400259,464084,BD23,http://data.ordnancesurvey.co.uk/id/postcodedistrict/BD23,Grassington,http://data.ordnancesurvey.co.uk/id/4000000074564363,http://www.ordnancesurvey.co.uk/xml/codelists/localtype.xml#village,,,,North Yorkshire,http://data.ordnancesurvey.co.uk/id/7000000000183627,http://data.ordnancesurvey.co.uk/ontology/admingeo/UnitaryAuthority,Yorkshire and the Humber,http://data.ordnancesurvey.co.uk/id/7000000000041430,England,http://data.ordnancesurvey.co.uk/id/country/england,,,
1a3c8d48-4f9a-4404-a108-497f24742793,http://data.ordnancesurvey.co.uk/id/1a3c8d48-4f9a-4404-a108-497f24742793,Cove Lane,,,,transportNetwork,Section Of Named Road,400040,464485,1000,25000,400010,464446,400071,464529,BD23,http://data.ordnancesurvey.co.uk/id/postcodedistrict/BD23,Grassington,http://data.ordnancesurvey.co.uk/id/4000000074564363,http://www.ordnancesurvey.co.uk/xml/codelists/localtype.xml#village,,,,North Yorkshire,http://data.ordnancesurvey.co.uk/id/7000000000183627,http://data.ordnancesurvey.co.uk/ontology/admingeo/UnitaryAuthority,Yorkshire and the Humber,http://data.ordnancesurvey.co.uk/id/7000000000041430,England,http://data.ordnancesurvey.co.uk/id/country/england,osgb5000005232278881,,
osgb4000000010976039,http://data.ordnancesurvey.co.uk/id/4000000010976039,Dacre Hall Park,,,,transportNetwork,Named Road,419249,460864,1000,20000,419228,460856,419275,460867,HG3,http://data.ordnancesurvey.co.uk/id/postcodedistrict/HG3,Dacre,http://data.ordnancesurvey.co.uk/id/4000000074545999,http://www.ordnancesurvey.co.uk/xml/codelists/localtype.xml#village,,,,North Yorkshire,http://data.ordnancesurvey.co.uk/id/7000000000183627,http://data.ordnancesurvey.co.uk/ontology/admingeo/UnitaryAuthority,Yorkshire and the Humber,http://data.ordnancesurvey.co.uk/id/7000000000041430,England,http://data.ordnancesurvey.co.uk/id/country/england,,,
osgb5000005232278888,http://data.ordnancesurvey.co.uk/id/5000005232278888,Nettle Lane,,,,transportNetwork,Named Road,400709,463756,2000,20000,400552,463541,400799,463884,BD23,http://data.ordnancesurvey.co.uk/id/postcodedistrict/BD23,,,,,,,North Yorkshire,http://data.ordnancesurvey.co.uk/id/7000000000183627,http://data.ordnancesurvey.co.uk/ontology/admingeo/UnitaryAuthority,Yorkshire and the Humber,http://data.ordnancesurvey.co.uk/id/7000000000041430,England,http://data.ordnancesurvey.co.uk/id/country/england,,,
e27dbd7f-3ca4-4f56-a921-a463d21a5ce3,http://data.ordnancesurvey.co.uk/id/e27dbd7f-3ca4-4f56-a921-a463d21a5ce3,Old Coach Road,,,,transportNetwork,Section Of Named Road,419184,463781,1000,25000,419114,463722,419257,463830,HG3,http://data.ordnancesurvey.co.uk/id/postcodedistrict/HG3,Low Laithe,http://data.ordnancesurvey.co.uk/id/4000000074545780,http://www.ordnancesurvey.co.uk/xml/codelists/localtype.xml#village,,,,North Yorkshire,http://data.ordnancesurvey.co.uk/id/7000000000183627,http://data.ordnancesurvey.co.uk/ontology/admingeo/UnitaryAuthority,Yorkshire and the Humber,http://data.ordnancesurvey.co.uk/id/7000000000041430,England,http://data.ordnancesurvey.co.uk/id/country/england,osgb4000000010937529,,
osgb4000000010930461,http://data.ordnancesurvey.co.uk/id/4000000010930461,Skyreholme Lane,,,,transportNetwork,Named Road,406589,460383,4000,20000,406294,460127,406842,460728,BD23,http://data.ordnancesurvey.co.uk/id/postcodedistrict/BD23,Skyreholme,http://data.ordnancesurvey.co.uk/id/4000000074547500,http://www.ordnancesurvey.co.uk/xml/codelists/localtype.xml#hamlet,,,,North Yorkshire,http://data.ordnancesurvey.co.uk/id/7000000000183627,http://data.ordnancesurvey.co.uk/ontology/admingeo/UnitaryAuthority,Yorkshire and the Humber,http://data.ordnancesurvey.co.uk/id/7000000000041430,England,http://data.ordnancesurvey.co.uk/id/country/england,,,
osgb4000000010977485,http://data.ordnancesurvey.co.uk/id/4000000010977485,Gills Fold,,,,transportNetwork,Named Road,400294,464022,1000,20000,400273,464000,400298,464029,BD23,http://data.ordnancesurvey.co.uk/id/postcodedistrict/BD23,Grassington,http://data.ordnancesurvey.co.uk/id/4000000074564363,http://www.ordnancesurvey.co.uk/xml/codelists/localtype.xml#village,,,,North Yorkshire,http://data.ordnancesurvey.co.uk/id/7000000000183627,http://data.ordnancesurvey.co.uk/ontology/admingeo/UnitaryAuthority,Yorkshire and the Humber,http://data.ordnancesurvey.co.uk/id/7000000000041430,England,http://data.ordnancesurvey.co.uk/id/country/england,,,
64fc0317-938f-4380-90e7-86874a88c0c1,http://data.ordnancesurvey.co.uk/id/64fc0317-938f-4380-90e7-86874a88c0c1,Fell View Square,,,,transportNetwork,Section Of Named Road,400393,463693,1000,25000,400375,463676,400415,463715,BD23,http://data.ordnancesurvey.co.uk/id/postcodedistrict/BD23,Grassington,http://data.ordnancesurvey.co.uk/id/4000000074564363,http://www.ordnancesurvey.co.uk/xml/codelists/localtype.xml#village,,,,North Yorkshire,http://data.ordnancesurvey.co.uk/id/7000000000183627,http://data.ordnancesurvey.co.uk/ontology/admingeo/UnitaryAuthority,Yorkshire and the Humber,http://data.ordnancesurvey.co.uk/id/7000000000041430,England,http://data.ordnancesurvey.co.uk/id/country/england,osgb4000000010969697,,
osgb4000000010966121,http://data.ordnancesurvey.co.uk/id/4000000010966121,Little King Street,,,,transportNetwork,Named Road,415695,465732,1000,20000,415674,465691,415738,465752,HG3,http://data.ordnancesurvey.co.uk/id/postcodedistrict/HG3,Pateley Bridge,http://data.ordnancesurvey.co.uk/id/4000000074546010,http://www.ordnancesurvey.co.uk/xml/codelists/localtype.xml#town,,,,North Yorkshire,http://data.ordnancesurvey.co.uk/id/7000000000183627,http://data.ordnancesurvey.co.uk/ontology/admingeo/UnitaryAuthority,Yorkshire and the Humber,http://data.ordnancesurvey.co.uk/id/7000000000041430,England,http://data.ordnancesurvey.co.uk/id/country/england,,,
osgb5000005232456581,http://data.ordnancesurvey.co.uk/id/5000005232456581,Lythe Flat Lane,,,,transportNetwork,Named Road,402644,462734,1000,20000,402569,462687,402684,462810,BD23,http://data.ordnancesurvey.co.uk/id/postcodedistrict/BD23,,,,,,,North Yorkshire,http://data.ordnancesurvey.co.uk/id/7000000000183627,http://data.ordnancesurvey.co.uk/ontology/admingeo/UnitaryAuthority,Yorkshire and the Humber,http://data.ordnancesurvey.co.uk/id/7000000000041430,England,http://data.ordnancesurvey.co.uk/id/country/england,,,
9105d295-09c3-4f96-bcf0-7a1dc0407b75,http://data.ordnancesurvey.co.uk/id/9105d295-09c3-4f96-bcf0-7a1dc0407b75,Hebden Road,,,,transportNetwork,Section Of Named Road,400318,463737,2000,25000,400214,463561,400495,463943,BD23,http://data.ordnancesurvey.co.uk/id/postcodedistrict/BD23,Grassington,http://data.ordnancesurvey.co.uk/id/4000000074564363,http://www.ordnancesurvey.co.uk/xml/codelists/localtype.xml#village,,,,North Yorkshire,http://data.ordnancesurvey.co.uk/id/7000000000183627,http://data.ordnancesurvey.co.uk/ontology/admingeo/UnitaryAuthority,Yorkshire and the Humber,http://data.ordnancesurvey.co.uk/id/7000000000041430,England,http://data.ordnancesurvey.co.uk/id/country/england,osgb4000000010928286,,
dbe324e0-e1ba-4dfd-a907-3b255dca2ef9,http://data.ordnancesurvey.co.uk/id/dbe324e0-e1ba-4dfd-a907-3b255dca2ef9,Sandy Lane,,,,transportNetwork,Section Of Named Road,417827,464986,1000,25000,417796,464917,417864,465067,HG3,http://data.ordnancesurvey.co.uk/id/postcodedistrict/HG3,Blazefield,http://data.ordnancesurvey.co.uk/id/4000000074546008,http://www.ordnancesurvey.co.uk/xml/codelists/localtype.xml#hamlet,,,,North Yorkshire,http://data.ordnancesurvey.co.uk/id/7000000000183627,http://data.ordnancesurvey.co.uk/ontology/admingeo/UnitaryAuthority,Yorkshire and the Humber,http://data.ordnancesurvey.co.uk/id/7000000000041430,England,http://data.ordnancesurvey.co.uk/id/country/england,osgb4000000010937530,,
osgb4000000010950357,http://data.ordnancesurvey.co.uk/id/4000000010950357,Church Avenue,,,,transportNetwork,Named Road,419827,462228,1000,20000,419804,462120,419845,462270,HG3,http://data.ordnancesurvey.co.uk/id/postcodedistrict/HG3,Dacre Banks,http://data.ordnancesurvey.co.uk/id/4000000074546000,http://www.ordnancesurvey.co.uk/xml/codelists/localtype.xml#village,,,,North Yorkshire,http://data.ordnancesurvey.co.uk/id/7000000000183627,http://data.ordnancesurvey.co.uk/ontology/admingeo/UnitaryAuthority,Yorkshire and the Humber,http://data.ordnancesurvey.co.uk/id/7000000000041430,England,http://data.ordnancesurvey.co.uk/id/country/england,,,
osgb5000005232275043,http://data.ordnancesurvey.co.uk/id/5000005232275043,Old Moor Lane,,,,transportNetwork,Named Road,401533,465937,1000,20000,401504,465885,401581,465993,BD23,http://data.ordnancesurvey.co.uk/id/postcodedistrict/BD23,,,,,,,North Yorkshire,http://data.ordnancesurvey.co.uk/id/7000000000183627,http://data.ordnancesurvey.co.uk/ontology/admingeo/UnitaryAuthority,Yorkshire and the Humber,http://data.ordnancesurvey.co.uk/id/7000000000041430,England,http://data.ordnancesurvey.co.uk/id/country/england,,,
osgb4000000010976040,http://data.ordnancesurvey.co.uk/id/4000000010976040,Hill Top View,,,,transportNetwork,Named Road,419517,461722,1000,20000,419489,461711,419538,461749,HG3,http://data.ordnancesurvey.co.uk/id/postcodedistrict/HG3,Dacre Banks,http://data.ordnancesurvey.co.uk/id/4000000074546000,http://www.ordnancesurvey.co.uk/xml/codelists/localtype.xml#village,,,,North Yorkshire,http://data.ordnancesurvey.co.uk/id/7000000000183627,http://data.ordnancesurvey.co.uk/ontology/admingeo/UnitaryAuthority,Yorkshire and the Humber,http://data.ordnancesurvey.co.uk/id/7000000000041430,England,http://data.ordnancesurvey.co.uk/id/country/england,,,
osgb4000000010966130,http://data.ordnancesurvey.co.uk/id/4000000010966130,Bishop Close,,,,transportNetwork,Named Road,416030,465952,1000,20000,416015,465903,416068,465967,HG3,http://data.ordnancesurvey.co.uk/id/postcodedistrict/HG3,Pateley Bridge,http://data.ordnancesurvey.co.uk/id/4000000074546010,http://www.ordnancesurvey.co.uk/xml/codelists/localtype.xml#town,,,,North Yorkshire,http://data.ordnancesurvey.co.uk/id/7000000000183627,http://data.ordnancesurvey.co.uk/ontology/admingeo/UnitaryAuthority,Yorkshire and the Humber,http://data.ordnancesurvey.co.uk/id/7000000000041430,England,http://data.ordnancesurvey.co.uk/id/country/england,,,
49d7db93-26af-4bec-8ea0-fc0b44ddfae4,http://data.ordnancesurvey.co.uk/id/49d7db93-26af-4bec-8ea0-fc0b44ddfae4,Lupton Bank,,,,transportNetwork,Section Of Named Road,418075,464567,1000,25000,417987,464525,418166,464612,HG3,http://data.ordnancesurvey.co.uk/id/postcodedistrict/HG3,Wilsill,http://data.ordnancesurvey.co.uk/id/4000000074546006,http://www.ordnancesurvey.co.uk/xml/codelists/localtype.xml#village,,,,North Yorkshire,http://data.ordnancesurvey.co.uk/id/7000000000183627,http://data.ordnancesurvey.co.uk/ontology/admingeo/UnitaryAuthority,Yorkshire and the Humber,http://data.ordnancesurvey.co.uk/id/7000000000041430,England,http://data.ordnancesurvey.co.uk/id/country/england,osgb4000000010930498,,
ca24f8df-5f2a-4adc-92f4-143c1d8ececf,http://data.ordnancesurvey.co.uk/id/ca24f8df-5f2a-4adc-92f4-143c1d8ececf,Stean Lane,,,,transportNetwork,Section Of Named Road,408808,473290,1000,25000,408788,473254,408817,473306,HG3,http://data.ordnancesurvey.co.uk/id/postcodedistrict/HG3,Stean,http://data.ordnancesurvey.co.uk/id/4000000074545786,http://www.ordnancesurvey.co.uk/xml/codelists/localtype.xml#hamlet,,,,North Yorkshire,http://data.ordnancesurvey.co.uk/id/7000000000183627,http://data.ordnancesurvey.co.uk/ontology/admingeo/UnitaryAuthority,Yorkshire and the Humber,http://data.ordnancesurvey.co.uk/id/7000000000041430,England,http://data.ordnancesurvey.co.uk/id/country/england,osgb5000005231369125,,
osgb4000000010954783,http://data.ordnancesurvey.co.uk/id/4000000010954783,Raines Meadows,,,,transportNetwork,Named Road,400038,464000,1000,20000,399958,463950,400044,464042,BD23,http://data.ordnancesurvey.co.uk/id/postcodedistrict/BD23,Grassington,http://data.ordnancesurvey.co.uk/id/4000000074564363,http://www.ordnancesurvey.co.uk/xml/codelists/localtype.xml#village,,,,North Yorkshire,http://data.ordnancesurvey.co.uk/id/7000000000183627,http://data.ordnancesurvey.co.uk/ontology/admingeo/UnitaryAuthority,Yorkshire and the Humber,http://data.ordnancesurvey.co.uk/id/7000000000041430,England,http://data.ordnancesurvey.co.uk/id/country/england,,,
osgb4000000010969703,http://data.ordnancesurvey.co.uk/id/4000000010969703,Scar Field,,,,transportNetwork,Named Road,400379,464045,1000,20000,400370,464034,400399,464055,BD23,http://data.ordnancesurvey.co.uk/id/postcodedistrict/BD23,Grassington,http://data.ordnancesurvey.co.uk/id/4000000074564363,http://www.ordnancesurvey.co.uk/xml/codelists/localtype.xml#village,,,,North Yorkshire,http://data.ordnancesurvey.co.uk/id/7000000000183627,http://data.ordnancesurvey.co.uk/ontology/admingeo/UnitaryAuthority,Yorkshire and the Humber,http://data.ordnancesurvey.co.uk/id/7000000000041430,England,http://data.ordnancesurvey.co.uk/id/country/england,,,
osgb4000000010937514,http://data.ordnancesurvey.co.uk/id/4000000010937514,Heyshaw Road,,,,transportNetwork,Named Road,417067,461741,3000,20000,416829,461698,417277,461850,HG3,http://data.ordnancesurvey.co.uk/id/postcodedistrict/HG3,,,,,,,North Yorkshire,http://data.ordnancesurvey.co.uk/id/7000000000183627,http://data.ordnancesurvey.co.uk/ontology/admingeo/UnitaryAuthority,Yorkshire and the Humber,http://data.ordnancesurvey.co.uk/id/7000000000041430,England,http://data.ordnancesurvey.co.uk/id/country/england,,,
4ec0a318-9341-4198-9367-d2f4476dbf87,http://data.ordnancesurvey.co.uk/id/4ec0a318-9341-4198-9367-d2f4476dbf87,High Green,,,,transportNetwork,Section Of Named Road,402508,463343,1000,25000,402508,463329,402511,463351,BD23,http://data.ordnancesurvey.co.uk/id/postcodedistrict/BD23,Hebden,http://data.ordnancesurvey.co.uk/id/4000000074547511,http://www.ordnancesurvey.co.uk/xml/codelists/localtype.xml#village,,,,North Yorkshire,http://data.ordnancesurvey.co.uk/id/7000000000183627,http://data.ordnancesurvey.co.uk/ontology/admingeo/UnitaryAuthority,Yorkshire and the Humber,http://data.ordnancesurvey.co.uk/id/7000000000041430,England,http://data.ordnancesurvey.co.uk/id/country/england,osgb4000000010932600,,
37048110-2244-4be0-87f1-0b0311604ea1,http://data.ordnancesurvey.co.uk/id/37048110-2244-4be0-87f1-0b0311604ea1,Mill Lane,,,,transportNetwork,Section Of Named Road,402642,462554,2000,25000,402594,462373,402727,462710,BD23,http://data.ordnancesurvey.co.uk/id/postcodedistrict/BD23,Hebden,http://data.ordnancesurvey.co.uk/id/4000000074547511,http://www.ordnancesurvey.co.uk/xml/codelists/localtype.xml#village,,,,North Yorkshire,http://data.ordnancesurvey.co.uk/id/7000000000183627,http://data.ordnancesurvey.co.uk/ontology/admingeo/UnitaryAuthority,Yorkshire and the Humber,http://data.ordnancesurvey.co.uk/id/7000000000041430,England,http://data.ordnancesurvey.co.uk/id/country/england,osgb4000000010932599,,
osgb4000000010937517,http://data.ordnancesurvey.co.uk/id/4000000010937517,School Lane,,,,transportNetwork,Named Road,419457,461786,2000,20000,419367,461621,419534,461918,HG3,http://data.ordnancesurvey.co.uk/id/postcodedistrict/HG3,Dacre Banks,http://data.ordnancesurvey.co.uk/id/4000000074546000,http://www.ordnancesurvey.co.uk/xml/codelists/localtype.xml#village,,,,North Yorkshire,http://data.ordnancesurvey.co.uk/id/7000000000183627,http://data.ordnancesurvey.co.uk/ontology/admingeo/UnitaryAuthority,Yorkshire and the Humber,http://data.ordnancesurvey.co.uk/id/7000000000041430,England,http://data.ordnancesurvey.co.uk/id/country/england,,,
osgb4000000011124804,http://data.ordnancesurvey.co.uk/id/4000000011124804,Lupton Springs,,,,transportNetwork,Named Road,417444,464662,1000,20000,417414,464660,417473,464672,HG3,http://data.ordnancesurvey.co.uk/id/postcodedistrict/HG3,Glasshouses,http://data.ordnancesurvey.co.uk/id/4000000074546007,http://www.ordnancesurvey.co.uk/xml/codelists/localtype.xml#village,,,,North Yorkshire,http://data.ordnancesurvey.co.uk/id/7000000000183627,http://data.ordnancesurvey.co.uk/ontology/admingeo/UnitaryAuthority,Yorkshire and the Humber,http://data.ordnancesurvey.co.uk/id/7000000000041430,England,http://data.ordnancesurvey.co.uk/id/country/england,,,
osgb4000000010927110,http://data.ordnancesurvey.co.uk/id/4000000010927110,Ripley Bank,,,,transportNetwork,Named Road,416582,465076,6000,20000,416062,464918,417043,465373,HG3,http://data.ordnancesurvey.co.uk/id/postcodedistrict/HG3,,,,,,,North Yorkshire,http://data.ordnancesurvey.co.uk/id/7000000000183627,http://data.ordnancesurvey.co.uk/ontology/admingeo/UnitaryAuthority,Yorkshire and the Humber,http://data.ordnancesurvey.co.uk/id/7000000000041430,England,http://data.ordnancesurvey.co.uk/id/country/england,,,
osgb4000000010976037,http://data.ordnancesurvey.co.uk/id/4000000010976037,Yeomans Mount,,,,transportNetwork,Named Road,415971,465880,1000,20000,415949,465861,415971,465910,HG3,http://data.ordnancesurvey.co.uk/id/postcodedistrict/HG3,Pateley Bridge,http://data.ordnancesurvey.co.uk/id/4000000074546010,http://www.ordnancesurvey.co.uk/xml/codelists/localtype.xml#town,,,,North Yorkshire,http://data.ordnancesurvey.co.uk/id/7000000000183627,http://data.ordnancesurvey.co.uk/ontology/admingeo/UnitaryAuthority,Yorkshire and the Humber,http://data.ordnancesurvey.co.uk/id/7000000000041430,England,http://data.ordnancesurvey.co.uk/id/country/england,,,
osgb4000000010966124,http://data.ordnancesurvey.co.uk/id/4000000010966124,Back High Street,,,,transportNetwork,Named Road,415781,465643,1000,20000,415723,465613,415806,465657,HG3,http://data.ordnancesurvey.co.uk/id/postcodedistrict/HG3,Pateley Bridge,http://data.ordnancesurvey.co.uk/id/4000000074546010,http://www.ordnancesurvey.co.uk/xml/codelists/localtype.xml#town,,,,North Yorkshire,http://data.ordnancesurvey.co.uk/id/7000000000183627,http://data.ordnancesurvey.co.uk/ontology/admingeo/UnitaryAuthority,Yorkshire and the Humber,http://data.ordnancesurvey.co.uk/id/7000000000041430,England,http://data.ordnancesurvey.co.uk/id/country/england,,,
osgb4000000009412363,http://data.ordnancesurvey.co.uk/id/4000000009412363,Cam Gill Road,,,,transportNetwork,Named Road,400135,477753,20000,55000,397201,472388,404476,480855,DL8,http://data.ordnancesurvey.co.uk/id/postcodedistrict/DL8,,,,,,,North Yorkshire,http://data.ordnancesurvey.co.uk/id/7000000000183627,http://data.ordnancesurvey.co.uk/ontology/admingeo/UnitaryAuthority,Yorkshire and the Humber,http://data.ordnancesurvey.co.uk/id/7000000000041430,England,http://data.ordnancesurvey.co.uk/id/country/england,,,
osgb4000000010950331,http://data.ordnancesurvey.co.uk/id/4000000010950331,High Crest,,,,transportNetwork,Named Road,416084,465603,1000,20000,416058,465546,416097,465693,HG3,http://data.ordnancesurvey.co.uk/id/postcodedistrict/HG3,Pateley Bridge,http://data.ordnancesurvey.co.uk/id/4000000074546010,http://www.ordnancesurvey.co.uk/xml/codelists/localtype.xml#town,,,,North Yorkshire,http://data.ordnancesurvey.co.uk/id/7000000000183627,http://data.ordnancesurvey.co.uk/ontology/admingeo/UnitaryAuthority,Yorkshire and the Humber,http://data.ordnancesurvey.co.uk/id/7000000000041430,England,http://data.ordnancesurvey.co.uk/id/country/england,,,
osgb4000000010940813,http://data.ordnancesurvey.co.uk/id/4000000010940813,Chapel Street,,,,transportNetwork,Named Road,400273,464325,1000,20000,400195,464206,400339,464431,BD23,http://data.ordnancesurvey.co.uk/id/postcodedistrict/BD23,Grassington,http://data.ordnancesurvey.co.uk/id/4000000074564363,http://www.ordnancesurvey.co.uk/xml/codelists/localtype.xml#village,,,,North Yorkshire,http://data.ordnancesurvey.co.uk/id/7000000000183627,http://data.ordnancesurvey.co.uk/ontology/admingeo/UnitaryAuthority,Yorkshire and the Humber,http://data.ordnancesurvey.co.uk/id/7000000000041430,England,http://data.ordnancesurvey.co.uk/id/country/england,,,
faefd8d7-0fba-45f9-8aa2-42fbc8f2bb73,http://data.ordnancesurvey.co.uk/id/faefd8d7-0fba-45f9-8aa2-42fbc8f2bb73,Wath Road,,,,transportNetwork,Section Of Named Road,415340,466662,2000,25000,415166,466541,415477,466736,HG3,http://data.ordnancesurvey.co.uk/id/postcodedistrict/HG3,Silver Hill,http://data.ordnancesurvey.co.uk/id/4000000074547285,http://www.ordnancesurvey.co.uk/xml/codelists/localtype.xml#hamlet,,,,North Yorkshire,http://data.ordnancesurvey.co.uk/id/7000000000183627,http://data.ordnancesurvey.co.uk/ontology/admingeo/UnitaryAuthority,Yorkshire and the Humber,http://data.ordnancesurvey.co.uk/id/7000000000041430,England,http://data.ordnancesurvey.co.uk/id/country/england,osgb4000000010937848,,
osgb4000000010930469,http://data.ordnancesurvey.co.uk/id/4000000010930469,Nought Bank Road,,,,transportNetwork,Named Road,415782,464117,6000,20000,415576,463671,415942,464529,HG3,http://data.ordnancesurvey.co.uk/id/postcodedistrict/HG3,,,,,,,North Yorkshire,http://data.ordnancesurvey.co.uk/id/7000000000183627,http://data.ordnancesurvey.co.uk/ontology/admingeo/UnitaryAuthority,Yorkshire and the Humber,http://data.ordnancesurvey.co.uk/id/7000000000041430,England,http://data.ordnancesurvey.co.uk/id/country/england,,,
osgb5000005232275047,http://data.ordnancesurvey.co.uk/id/5000005232275047,Limekiln Lane,,,,transportNetwork,Named Road,401424,466080,2000,20000,401287,465993,401581,466214,BD23,http://data.ordnancesurvey.co.uk/id/postcodedistrict/BD23,,,,,,,North Yorkshire,http://data.ordnancesurvey.co.uk/id/7000000000183627,http://data.ordnancesurvey.co.uk/ontology/admingeo/UnitaryAuthority,Yorkshire and the Humber,http://data.ordnancesurvey.co.uk/id/7000000000041430,England,http://data.ordnancesurvey.co.uk/id/country/england,,,
osgb4000000010950335,http://data.ordnancesurvey.co.uk/id/4000000010950335,Springfield Way,,,,transportNetwork,Named Road,416083,465784,1000,20000,416053,465706,416086,465855,HG3,http://data.ordnancesurvey.co.uk/id/postcodedistrict/HG3,Pateley Bridge,http://data.ordnancesurvey.co.uk/id/4000000074546010,http://www.ordnancesurvey.co.uk/xml/codelists/localtype.xml#town,,,,North Yorkshire,http://data.ordnancesurvey.co.uk/id/7000000000183627,http://data.ordnancesurvey.co.uk/ontology/admingeo/UnitaryAuthority,Yorkshire and the Humber,http://data.ordnancesurvey.co.uk/id/7000000000041430,England,http://data.ordnancesurvey.co.uk/id/country/england,,,
osgb4000000010954793,http://data.ordnancesurvey.co.uk/id/4000000010954793,Chapel Lane,,,,transportNetwork,Named Road,402596,463053,1000,20000,402532,463018,402630,463073,BD23,http://data.ordnancesurvey.co.uk/id/postcodedistrict/BD23,Hebden,http://data.ordnancesurvey.co.uk/id/4000000074547511,http://www.ordnancesurvey.co.uk/xml/codelists/localtype.xml#village,,,,North Yorkshire,http://data.ordnancesurvey.co.uk/id/7000000000183627,http://data.ordnancesurvey.co.uk/ontology/admingeo/UnitaryAuthority,Yorkshire and the Humber,http://data.ordnancesurvey.co.uk/id/7000000000041430,England,http://data.ordnancesurvey.co.uk/id/country/england,,,
osgb4000000010937515,http://data.ordnancesurvey.co.uk/id/4000000010937515,Monk Ing Road,,,,transportNetwork,Named Road,418211,461440,4000,20000,417904,461248,418484,461632,HG3,http://data.ordnancesurvey.co.uk/id/postcodedistrict/HG3,,,,,,,North Yorkshire,http://data.ordnancesurvey.co.uk/id/7000000000183627,http://data.ordnancesurvey.co.uk/ontology/admingeo/UnitaryAuthority,Yorkshire and the Humber,http://data.ordnancesurvey.co.uk/id/7000000000041430,England,http://data.ordnancesurvey.co.uk/id/country/england,,,
osgb4000000011134830,http://data.ordnancesurvey.co.uk/id/4000000011134830,Broughton Fold,,,,transportNetwork,Named Road,400265,463994,1000,20000,400254,463984,400281,464002,BD23,http://data.ordnancesurvey.co.uk/id/postcodedistrict/BD23,Grassington,http://data.ordnancesurvey.co.uk/id/4000000074564363,http://www.ordnancesurvey.co.uk/xml/codelists/localtype.xml#village,,,,North Yorkshire,http://data.ordnancesurvey.co.uk/id/7000000000183627,http://data.ordnancesurvey.co.uk/ontology/admingeo/UnitaryAuthority,Yorkshire and the Humber,http://data.ordnancesurvey.co.uk/id/7000000000041430,England,http://data.ordnancesurvey.co.uk/id/country/england,,,
41ce659d-6466-4e99-b07e-e2be1e438202,http://data.ordnancesurvey.co.uk/id/41ce659d-6466-4e99-b07e-e2be1e438202,Sedber Lane,,,,transportNetwork,Section Of Named Road,400083,463316,1000,25000,400048,463294,400121,463340,BD23,http://data.ordnancesurvey.co.uk/id/postcodedistrict/BD23,Linton,http://data.ordnancesurvey.co.uk/id/4000000074564034,http://www.ordnancesurvey.co.uk/xml/codelists/localtype.xml#village,,,,North Yorkshire,http://data.ordnancesurvey.co.uk/id/7000000000183627,http://data.ordnancesurvey.co.uk/ontology/admingeo/UnitaryAuthority,Yorkshire and the Humber,http://data.ordnancesurvey.co.uk/id/7000000000041430,England,http://data.ordnancesurvey.co.uk/id/country/england,osgb4000000010954777,,
osgb4000000010926186,http://data.ordnancesurvey.co.uk/id/4000000010926186,Moor Lane,,,,transportNetwork,Named Road,401028,464986,11000,20000,400339,464206,401506,465891,BD23,http://data.ordnancesurvey.co.uk/id/postcodedistrict/BD23,,,,,,,North Yorkshire,http://data.ordnancesurvey.co.uk/id/7000000000183627,http://data.ordnancesurvey.co.uk/ontology/admingeo/UnitaryAuthority,Yorkshire and the Humber,http://data.ordnancesurvey.co.uk/id/7000000000041430,England,http://data.ordnancesurvey.co.uk/id/country/england,,,
osgb4000000010930499,http://data.ordnancesurvey.co.uk/id/4000000010930499,The Raikes,,,,transportNetwork,Named Road,418236,464886,4000,20000,418166,464612,418349,465157,HG3,http://data.ordnancesurvey.co.uk/id/postcodedistrict/HG3,Wilsill,http://data.ordnancesurvey.co.uk/id/4000000074546006,http://www.ordnancesurvey.co.uk/xml/codelists/localtype.xml#village,,,,North Yorkshire,http://data.ordnancesurvey.co.uk/id/7000000000183627,http://data.ordnancesurvey.co.uk/ontology/admingeo/UnitaryAuthority,Yorkshire and the Humber,http://data.ordnancesurvey.co.uk/id/7000000000041430,England,http://data.ordnancesurvey.co.uk/id/country/england,,,
osgb4000000010928287,http://data.ordnancesurvey.co.uk/id/4000000010928287,Burnsall Lane,,,,transportNetwork,Named Road,403002,462057,4000,20000,402727,461761,403329,462373,BD23,http://data.ordnancesurvey.co.uk/id/postcodedistrict/BD23,,,,,,,North Yorkshire,http://data.ordnancesurvey.co.uk/id/7000000000183627,http://data.ordnancesurvey.co.uk/ontology/admingeo/UnitaryAuthority,Yorkshire and the Humber,http://data.ordnancesurvey.co.uk/id/7000000000041430,England,http://data.ordnancesurvey.co.uk/id/country/england,,,
osgb4000000074783676,http://data.ordnancesurvey.co.uk/id/4000000074783676,Burnt Hill,,,,landform,Hill Or Mountain,408937,466560,1000,300000,408687,466310,409187,466810,HG3,http://data.ordnancesurvey.co.uk/id/postcodedistrict/HG3,,,,,,,North Yorkshire,http://data.ordnancesurvey.co.uk/id/7000000000183627,http://data.ordnancesurvey.co.uk/ontology/admingeo/UnitaryAuthority,Yorkshire and the Humber,http://data.ordnancesurvey.co.uk/id/7000000000041430,England,http://data.ordnancesurvey.co.uk/id/country/england,,,
osgb4000000074738245,http://data.ordnancesurvey.co.uk/id/4000000074738245,Nought Bank Wood,,,,landcover,Other Landcover,415353,463862,3000,1300000,415120,463612,415620,464112,HG3,http://data.ordnancesurvey.co.uk/id/postcodedistrict/HG3,,,,,,,North Yorkshire,http://data.ordnancesurvey.co.uk/id/7000000000183627,http://data.ordnancesurvey.co.uk/ontology/admingeo/UnitaryAuthority,Yorkshire and the Humber,http://data.ordnancesurvey.co.uk/id/7000000000041430,England,http://data.ordnancesurvey.co.uk/id/country/england,,,
osgb4000000074729915,http://data.ordnancesurvey.co.uk/id/4000000074729915,Woodale Bents,,,,landcover,Other Landcover,401488,479333,7000,1300000,400928,478887,402054,479780,DL8,http://data.ordnancesurvey.co.uk/id/postcodedistrict/DL8,,,,,,,North Yorkshire,http://data.ordnancesurvey.co.uk/id/7000000000183627,http://data.ordnancesurvey.co.uk/ontology/admingeo/UnitaryAuthority,Yorkshire and the Humber,http://data.ordnancesurvey.co.uk/id/7000000000041430,England,http://data.ordnancesurvey.co.uk/id/country/england,,,
osgb4000000074816607,http://data.ordnancesurvey.co.uk/id/4000000074816607,Black Hill,,,,landform,Hill Or Mountain,416874,462128,1000,300000,416624,461878,417124,462378,HG3,http://data.ordnancesurvey.co.uk/id/postcodedistrict/HG3,,,,,,,North Yorkshire,http://data.ordnancesurvey.co.uk/id/7000000000183627,http://data.ordnancesurvey.co.uk/ontology/admingeo/UnitaryAuthority,Yorkshire and the Humber,http://data.ordnancesurvey.co.uk/id/7000000000041430,England,http://data.ordnancesurvey.co.uk/id/country/england,,,
osgb4000000074730077,http://data.ordnancesurvey.co.uk/id/4000000074730077,Fox Gill Brae,,,,landcover,Other Landcover,413602,465873,2000,800000,413341,465623,413841,466123,HG3,http://data.ordnancesurvey.co.uk/id/postcodedistrict/HG3,,,,,,,North Yorkshire,http://data.ordnancesurvey.co.uk/id/7000000000183627,http://data.ordnancesurvey.co.uk/ontology/admingeo/UnitaryAuthority,Yorkshire and the Humber,http://data.ordnancesurvey.co.uk/id/7000000000041430,England,http://data.ordnancesurvey.co.uk/id/country/england,,,
osgb4000000074669892,http://data.ordnancesurvey.co.uk/id/4000000074669892,How Gill Plantation,,,,landcover,Woodland Or Forest,409397,475607,2000,400000,409162,475357,409662,475857,HG3,http://data.ordnancesurvey.co.uk/id/postcodedistrict/HG3,,,,,,,North Yorkshire,http://data.ordnancesurvey.co.uk/id/7000000000183627,http://data.ordnancesurvey.co.uk/ontology/admingeo/UnitaryAuthority,Yorkshire and the Humber,http://data.ordnancesurvey.co.uk/id/7000000000041430,England,http://data.ordnancesurvey.co.uk/id/country/england,,,
osgb4000000074802383,http://data.ordnancesurvey.co.uk/id/4000000074802383,Drake Dub,,,,hydrography,Inland Water,413628,475367,1000,500000,413378,475119,413878,475619,HG4,http://data.ordnancesurvey.co.uk/id/postcodedistrict/HG4,,,,,,,North Yorkshire,http://data.ordnancesurvey.co.uk/id/7000000000183627,http://data.ordnancesurvey.co.uk/ontology/admingeo/UnitaryAuthority,Yorkshire and the Humber,http://data.ordnancesurvey.co.uk/id/7000000000041430,England,http://data.ordnancesurvey.co.uk/id/country/england,,,
osgb4000000074671531,http://data.ordnancesurvey.co.uk/id/4000000074671531,Leighton Plantation,,,,landcover,Woodland Or Forest,415693,479192,2000,400000,415440,478942,415940,479442,HG4,http://data.ordnancesurvey.co.uk/id/postcodedistrict/HG4,,,,,,,North Yorkshire,http://data.ordnancesurvey.co.uk/id/7000000000183627,http://data.ordnancesurvey.co.uk/ontology/admingeo/UnitaryAuthority,Yorkshire and the Humber,http://data.ordnancesurvey.co.uk/id/7000000000041430,England,http://data.ordnancesurvey.co.uk/id/country/england,,,
osgb4000000074670275,http://data.ordnancesurvey.co.uk/id/4000000074670275,Blayshaw Plantation,,,,landcover,Woodland Or Forest,409666,472639,3000,400000,409416,472363,409916,472863,HG3,http://data.ordnancesurvey.co.uk/id/postcodedistrict/HG3,,,,,,,North Yorkshire,http://data.ordnancesurvey.co.uk/id/7000000000183627,http://data.ordnancesurvey.co.uk/ontology/admingeo/UnitaryAuthority,Yorkshire and the Humber,http://data.ordnancesurvey.co.uk/id/7000000000041430,England,http://data.ordnancesurvey.co.uk/id/country/england,,,
osgb4000000074803312,http://data.ordnancesurvey.co.uk/id/4000000074803312,Angram Reservoir,,,,hydrography,Inland Water,403874,476031,9000,500000,403014,475572,404431,476489,DL8,http://data.ordnancesurvey.co.uk/id/postcodedistrict/DL8,,,,,,,North Yorkshire,http://data.ordnancesurvey.co.uk/id/7000000000183627,http://data.ordnancesurvey.co.uk/ontology/admingeo/UnitaryAuthority,Yorkshire and the Humber,http://data.ordnancesurvey.co.uk/id/7000000000041430,England,http://data.ordnancesurvey.co.uk/id/country/england,,,
osgb4000000074670303,http://data.ordnancesurvey.co.uk/id/4000000074670303,Northside Head Plantation,,,,landcover,Woodland Or Forest,409303,475020,1000,400000,409053,474770,409553,475270,HG3,http://data.ordnancesurvey.co.uk/id/postcodedistrict/HG3,,,,,,,North Yorkshire,http://data.ordnancesurvey.co.uk/id/7000000000183627,http://data.ordnancesurvey.co.uk/ontology/admingeo/UnitaryAuthority,Yorkshire and the Humber,http://data.ordnancesurvey.co.uk/id/7000000000041430,England,http://data.ordnancesurvey.co.uk/id/country/england,,,
osgb4000000074730286,http://data.ordnancesurvey.co.uk/id/4000000074730286,Dallow Moor,,,,landcover,Other Landcover,418032,469826,27000,1300000,415925,468332,420116,471321,HG4,http://data.ordnancesurvey.co.uk/id/postcodedistrict/HG4,,,,,,,North Yorkshire,http://data.ordnancesurvey.co.uk/id/7000000000183627,http://data.ordnancesurvey.co.uk/ontology/admingeo/UnitaryAuthority,Yorkshire and the Humber,http://data.ordnancesurvey.co.uk/id/7000000000041430,England,http://data.ordnancesurvey.co.uk/id/country/england,,,
osgb4000000074670297,http://data.ordnancesurvey.co.uk/id/4000000074670297,Lobley Plantation,,,,landcover,Woodland Or Forest,418845,479282,1000,400000,418595,479038,419095,479538,HG4,http://data.ordnancesurvey.co.uk/id/postcodedistrict/HG4,,,,,,,North Yorkshire,http://data.ordnancesurvey.co.uk/id/7000000000183627,http://data.ordnancesurvey.co.uk/ontology/admingeo/UnitaryAuthority,Yorkshire and the Humber,http://data.ordnancesurvey.co.uk/id/7000000000041430,England,http://data.ordnancesurvey.co.uk/id/country/england,,,
osgb4000000074670307,http://data.ordnancesurvey.co.uk/id/4000000074670307,Bracken Ridge Plantation,,,,landcover,Woodland Or Forest,410513,476834,2000,400000,410263,476547,410763,477047,HG3,http://data.ordnancesurvey.co.uk/id/postcodedistrict/HG3,,,,,,,North Yorkshire,http://data.ordnancesurvey.co.uk/id/7000000000183627,http://data.ordnancesurvey.co.uk/ontology/admingeo/UnitaryAuthority,Yorkshire and the Humber,http://data.ordnancesurvey.co.uk/id/7000000000041430,England,http://data.ordnancesurvey.co.uk/id/country/england,,,
osgb4000000074669458,http://data.ordnancesurvey.co.uk/id/4000000074669458,Pearson Wood,,,,landcover,Woodland Or Forest,418527,471642,3000,400000,418278,471392,418778,471892,HG4,http://data.ordnancesurvey.co.uk/id/postcodedistrict/HG4,,,,,,,North Yorkshire,http://data.ordnancesurvey.co.uk/id/7000000000183627,http://data.ordnancesurvey.co.uk/ontology/admingeo/UnitaryAuthority,Yorkshire and the Humber,http://data.ordnancesurvey.co.uk/id/7000000000041430,England,http://data.ordnancesurvey.co.uk/id/country/england,,,
osgb4000000074730387,http://data.ordnancesurvey.co.uk/id/4000000074730387,Horse Plain,,,,landcover,Other Landcover,416786,471074,4000,1300000,416444,470824,417070,471324,HG4,http://data.ordnancesurvey.co.uk/id/postcodedistrict/HG4,,,,,,,North Yorkshire,http://data.ordnancesurvey.co.uk/id/7000000000183627,http://data.ordnancesurvey.co.uk/ontology/admingeo/UnitaryAuthority,Yorkshire and the Humber,http://data.ordnancesurvey.co.uk/id/7000000000041430,England,http://data.ordnancesurvey.co.uk/id/country/england,,,
osgb4000000074730176,http://data.ordnancesurvey.co.uk/id/4000000074730176,Goody Stones Moss,,,,landcover,Other Landcover,405260,468197,9000,1300000,404461,467680,405825,468714,BD23,http://data.ordnancesurvey.co.uk/id/postcodedistrict/BD23,,,,,,,North Yorkshire,http://data.ordnancesurvey.co.uk/id/7000000000183627,http://data.ordnancesurvey.co.uk/ontology/admingeo/UnitaryAuthority,Yorkshire and the Humber,http://data.ordnancesurvey.co.uk/id/7000000000041430,England,http://data.ordnancesurvey.co.uk/id/country/england,,,
osgb4000000074596265,http://data.ordnancesurvey.co.uk/id/4000000074596265,Bishopside Brae,,,,landcover,Other Landcover,415569,467280,4000,800000,415260,466991,415894,467569,HG3,http://data.ordnancesurvey.co.uk/id/postcodedistrict/HG3,,,,,,,North Yorkshire,http://data.ordnancesurvey.co.uk/id/7000000000183627,http://data.ordnancesurvey.co.uk/ontology/admingeo/UnitaryAuthority,Yorkshire and the Humber,http://data.ordnancesurvey.co.uk/id/7000000000041430,England,http://data.ordnancesurvey.co.uk/id/country/england,,,
osgb4000000074730082,http://data.ordnancesurvey.co.uk/id/4000000074730082,Bullfront Moss,,,,landcover,Other Landcover,406011,467913,5000,1300000,405668,467491,406354,468308,BD23,http://data.ordnancesurvey.co.uk/id/postcodedistrict/BD23,,,,,,,North Yorkshire,http://data.ordnancesurvey.co.uk/id/7000000000183627,http://data.ordnancesurvey.co.uk/ontology/admingeo/UnitaryAuthority,Yorkshire and the Humber,http://data.ordnancesurvey.co.uk/id/7000000000041430,England,http://data.ordnancesurvey.co.uk/id/country/england,,,
osgb4000000074819638,http://data.ordnancesurvey.co.uk/id/4000000074819638,Nidd Falls,,,,hydrography,Waterfall,410054,473793,1000,15000,409804,473543,410304,474043,HG3,http://data.ordnancesurvey.co.uk/id/postcodedistrict/HG3,,,,,,,North Yorkshire,http://data.ordnancesurvey.co.uk/id/7000000000183627,http://data.ordnancesurvey.co.uk/ontology/admingeo/UnitaryAuthority,Yorkshire and the Humber,http://data.ordnancesurvey.co.uk/id/7000000000041430,England,http://data.ordnancesurvey.co.uk/id/country/england,,,
osgb4000000074817847,http://data.ordnancesurvey.co.uk/id/4000000074817847,North Wood,,,,landcover,Woodland Or Forest,418479,462595,3000,400000,418229,462332,418729,462832,HG3,http://data.ordnancesurvey.co.uk/id/postcodedistrict/HG3,,,,,,,North Yorkshire,http://data.ordnancesurvey.co.uk/id/7000000000183627,http://data.ordnancesurvey.co.uk/ontology/admingeo/UnitaryAuthority,Yorkshire and the Humber,http://data.ordnancesurvey.co.uk/id/7000000000041430,England,http://data.ordnancesurvey.co.uk/id/country/england,,,
osgb4000000074730695,http://data.ordnancesurvey.co.uk/id/4000000074730695,Limley Pasture,,,,landcover,Other Landcover,409385,476537,3000,800000,409173,476287,409673,476787,HG3,http://data.ordnancesurvey.co.uk/id/postcodedistrict/HG3,,,,,,,North Yorkshire,http://data.ordnancesurvey.co.uk/id/7000000000183627,http://data.ordnancesurvey.co.uk/ontology/admingeo/UnitaryAuthority,Yorkshire and the Humber,http://data.ordnancesurvey.co.uk/id/7000000000041430,England,http://data.ordnancesurvey.co.uk/id/country/england,,,
osgb4000000074730180,http://data.ordnancesurvey.co.uk/id/4000000074730180,Downs Pasture,,,,landcover,Other Landcover,401008,467053,5000,1300000,400698,466674,401319,467488,BD23,http://data.ordnancesurvey.co.uk/id/postcodedistrict/BD23,,,,,,,North Yorkshire,http://data.ordnancesurvey.co.uk/id/7000000000183627,http://data.ordnancesurvey.co.uk/ontology/admingeo/UnitaryAuthority,Yorkshire and the Humber,http://data.ordnancesurvey.co.uk/id/7000000000041430,England,http://data.ordnancesurvey.co.uk/id/country/england,,,
osgb4000000074666550,http://data.ordnancesurvey.co.uk/id/4000000074666550,Black Plantation,,,,landcover,Woodland Or Forest,413221,460395,3000,400000,412972,460165,413472,460665,HG3,http://data.ordnancesurvey.co.uk/id/postcodedistrict/HG3,,,,,,,North Yorkshire,http://data.ordnancesurvey.co.uk/id/7000000000183627,http://data.ordnancesurvey.co.uk/ontology/admingeo/UnitaryAuthority,Yorkshire and the Humber,http://data.ordnancesurvey.co.uk/id/7000000000041430,England,http://data.ordnancesurvey.co.uk/id/country/england,,,
osgb4000000074624083,http://data.ordnancesurvey.co.uk/id/4000000074624083,Trough Hole Plantation,,,,landcover,Woodland Or Forest,410508,475089,3000,400000,410258,474837,410758,475337,HG3,http://data.ordnancesurvey.co.uk/id/postcodedistrict/HG3,,,,,,,North Yorkshire,http://data.ordnancesurvey.co.uk/id/7000000000183627,http://data.ordnancesurvey.co.uk/ontology/admingeo/UnitaryAuthority,Yorkshire and the Humber,http://data.ordnancesurvey.co.uk/id/7000000000041430,England,http://data.ordnancesurvey.co.uk/id/country/england,,,
osgb4000000010937862,http://data.ordnancesurvey.co.uk/id/4000000010937862,Ilton Bank,,,,transportNetwork,Named Road,418818,478425,2000,20000,418715,478316,418960,478628,HG4,http://data.ordnancesurvey.co.uk/id/postcodedistrict/HG4,Ilton,http://data.ordnancesurvey.co.uk/id/4000000074547763,http://www.ordnancesurvey.co.uk/xml/codelists/localtype.xml#hamlet,,,,North Yorkshire,http://data.ordnancesurvey.co.uk/id/7000000000183627,http://data.ordnancesurvey.co.uk/ontology/admingeo/UnitaryAuthority,Yorkshire and the Humber,http://data.ordnancesurvey.co.uk/id/7000000000041430,England,http://data.ordnancesurvey.co.uk/id/country/england,,,
osgb4000000074772433,http://data.ordnancesurvey.co.uk/id/4000000074772433,Far High Hill,,,,landform,Hill Or Mountain,415981,469617,1000,300000,415731,469367,416231,469867,HG3,http://data.ordnancesurvey.co.uk/id/postcodedistrict/HG3,,,,,,,North Yorkshire,http://data.ordnancesurvey.co.uk/id/7000000000183627,http://data.ordnancesurvey.co.uk/ontology/admingeo/UnitaryAuthority,Yorkshire and the Humber,http://data.ordnancesurvey.co.uk/id/7000000000041430,England,http://data.ordnancesurvey.co.uk/id/country/england,,,
osgb4000000074730293,http://data.ordnancesurvey.co.uk/id/4000000074730293,Cow Pasture,,,,landcover,Other Landcover,401402,468312,4000,1300000,401152,468000,401652,468550,BD23,http://data.ordnancesurvey.co.uk/id/postcodedistrict/BD23,,,,,,,North Yorkshire,http://data.ordnancesurvey.co.uk/id/7000000000183627,http://data.ordnancesurvey.co.uk/ontology/admingeo/UnitaryAuthority,Yorkshire and the Humber,http://data.ordnancesurvey.co.uk/id/7000000000041430,England,http://data.ordnancesurvey.co.uk/id/country/england,,,
osgb4000000074783205,http://data.ordnancesurvey.co.uk/id/4000000074783205,Greenhaw Hill,,,,landform,Hill Or Mountain,407555,465054,1000,300000,407305,464804,407805,465304,BD23,http://data.ordnancesurvey.co.uk/id/postcodedistrict/BD23,,,,,,,North Yorkshire,http://data.ordnancesurvey.co.uk/id/7000000000183627,http://data.ordnancesurvey.co.uk/ontology/admingeo/UnitaryAuthority,Yorkshire and the Humber,http://data.ordnancesurvey.co.uk/id/7000000000041430,England,http://data.ordnancesurvey.co.uk/id/country/england,,,
osgb4000000074623933,http://data.ordnancesurvey.co.uk/id/4000000074623933,Guisecliff Wood,,,,landcover,Woodland Or Forest,416466,463530,9000,400000,415860,463235,417213,463825,HG3,http://data.ordnancesurvey.co.uk/id/postcodedistrict/HG3,,,,,,,North Yorkshire,http://data.ordnancesurvey.co.uk/id/7000000000183627,http://data.ordnancesurvey.co.uk/ontology/admingeo/UnitaryAuthority,Yorkshire and the Humber,http://data.ordnancesurvey.co.uk/id/7000000000041430,England,http://data.ordnancesurvey.co.uk/id/country/england,,,
osgb4000000074729756,http://data.ordnancesurvey.co.uk/id/4000000074729756,Pock Stones Moor,,,,landcover,Other Landcover,410649,460965,31000,1300000,408446,459189,413139,462740,HG3,http://data.ordnancesurvey.co.uk/id/postcodedistrict/HG3,,,,,,,North Yorkshire,http://data.ordnancesurvey.co.uk/id/7000000000183627,http://data.ordnancesurvey.co.uk/ontology/admingeo/UnitaryAuthority,Yorkshire and the Humber,http://data.ordnancesurvey.co.uk/id/7000000000041430,England,http://data.ordnancesurvey.co.uk/id/country/england,,,
osgb4000000074624000,http://data.ordnancesurvey.co.uk/id/4000000074624000,Horse Allotment Plantation,,,,landcover,Woodland Or Forest,413447,461173,4000,400000,413152,460623,413742,461288,HG3,http://data.ordnancesurvey.co.uk/id/postcodedistrict/HG3,,,,,,,North Yorkshire,http://data.ordnancesurvey.co.uk/id/7000000000183627,http://data.ordnancesurvey.co.uk/ontology/admingeo/UnitaryAuthority,Yorkshire and the Humber,http://data.ordnancesurvey.co.uk/id/7000000000041430,England,http://data.ordnancesurvey.co.uk/id/country/england,,,
osgb4000000074730177,http://data.ordnancesurvey.co.uk/id/4000000074730177,Sleet Moor,,,,landcover,Other Landcover,404154,468300,9000,1300000,403766,467488,404543,468857,BD23,http://data.ordnancesurvey.co.uk/id/postcodedistrict/BD23,,,,,,,North Yorkshire,http://data.ordnancesurvey.co.uk/id/7000000000183627,http://data.ordnancesurvey.co.uk/ontology/admingeo/UnitaryAuthority,Yorkshire and the Humber,http://data.ordnancesurvey.co.uk/id/7000000000041430,England,http://data.ordnancesurvey.co.uk/id/country/england,,,
osgb4000000074595570,http://data.ordnancesurvey.co.uk/id/4000000074595570,Middle Tongue,,,,landcover,Other Landcover,407314,464980,3000,1300000,407065,464721,407565,465221,BD23,http://data.ordnancesurvey.co.uk/id/postcodedistrict/BD23,,,,,,,North Yorkshire,http://data.ordnancesurvey.co.uk/id/7000000000183627,http://data.ordnancesurvey.co.uk/ontology/admingeo/UnitaryAuthority,Yorkshire and the Humber,http://data.ordnancesurvey.co.uk/id/7000000000041430,England,http://data.ordnancesurvey.co.uk/id/country/england,,,
osgb4000000074803311,http://data.ordnancesurvey.co.uk/id/4000000074803311,Woogill Tarn,,,,hydrography,Inland Water,406853,479406,1000,500000,406625,479156,407125,479656,HG3,http://data.ordnancesurvey.co.uk/id/postcodedistrict/HG3,,,,,,,North Yorkshire,http://data.ordnancesurvey.co.uk/id/7000000000183627,http://data.ordnancesurvey.co.uk/ontology/admingeo/UnitaryAuthority,Yorkshire and the Humber,http://data.ordnancesurvey.co.uk/id/7000000000041430,England,http://data.ordnancesurvey.co.uk/id/country/england,,,
osgb4000000074772411,http://data.ordnancesurvey.co.uk/id/4000000074772411,Greygarth Hill,,,,landform,Hill Or Mountain,418511,472417,1000,300000,418261,472167,418761,472667,HG4,http://data.ordnancesurvey.co.uk/id/postcodedistrict/HG4,,,,,,,North Yorkshire,http://data.ordnancesurvey.co.uk/id/7000000000183627,http://data.ordnancesurvey.co.uk/ontology/admingeo/UnitaryAuthority,Yorkshire and the Humber,http://data.ordnancesurvey.co.uk/id/7000000000041430,England,http://data.ordnancesurvey.co.uk/id/country/england,,,
osgb4000000074783685,http://data.ordnancesurvey.co.uk/id/4000000074783685,Hackler's Hill,,,,landform,Hill Or Mountain,418547,460815,1000,300000,418297,460565,418797,461065,HG3,http://data.ordnancesurvey.co.uk/id/postcodedistrict/HG3,,,,,,,North Yorkshire,http://data.ordnancesurvey.co.uk/id/7000000000183627,http://data.ordnancesurvey.co.uk/ontology/admingeo/UnitaryAuthority,Yorkshire and the Humber,http://data.ordnancesurvey.co.uk/id/7000000000041430,England,http://data.ordnancesurvey.co.uk/id/country/england,,,
osgb4000000074730074,http://data.ordnancesurvey.co.uk/id/4000000074730074,Black Pasture,,,,landcover,Other Landcover,414176,465330,2000,800000,413951,465081,414451,465581,HG3,http://data.ordnancesurvey.co.uk/id/postcodedistrict/HG3,,,,,,,North Yorkshire,http://data.ordnancesurvey.co.uk/id/7000000000183627,http://data.ordnancesurvey.co.uk/ontology/admingeo/UnitaryAuthority,Yorkshire and the Humber,http://data.ordnancesurvey.co.uk/id/7000000000041430,England,http://data.ordnancesurvey.co.uk/id/country/england,,,
osgb4000000074738372,http://data.ordnancesurvey.co.uk/id/4000000074738372,Stean Pasture,,,,landcover,Other Landcover,408817,472781,4000,800000,408513,472531,409133,473031,HG3,http://data.ordnancesurvey.co.uk/id/postcodedistrict/HG3,,,,,,,North Yorkshire,http://data.ordnancesurvey.co.uk/id/7000000000183627,http://data.ordnancesurvey.co.uk/ontology/admingeo/UnitaryAuthority,Yorkshire and the Humber,http://data.ordnancesurvey.co.uk/id/7000000000041430,England,http://data.ordnancesurvey.co.uk/id/country/england,,,
osgb4000000074729837,http://data.ordnancesurvey.co.uk/id/4000000074729837,Stony Nick Moss,,,,landcover,Other Landcover,406546,466463,3000,1300000,406297,466213,406818,466713,BD23,http://data.ordnancesurvey.co.uk/id/postcodedistrict/BD23,,,,,,,North Yorkshire,http://data.ordnancesurvey.co.uk/id/7000000000183627,http://data.ordnancesurvey.co.uk/ontology/admingeo/UnitaryAuthority,Yorkshire and the Humber,http://data.ordnancesurvey.co.uk/id/7000000000041430,England,http://data.ordnancesurvey.co.uk/id/country/england,,,
osgb4000000074783445,http://data.ordnancesurvey.co.uk/id/4000000074783445,Cock Hill,,,,landform,Hill Or Mountain,411267,464319,1000,300000,411017,464069,411517,464569,HG3,http://data.ordnancesurvey.co.uk/id/postcodedistrict/HG3,,,,,,,North Yorkshire,http://data.ordnancesurvey.co.uk/id/7000000000183627,http://data.ordnancesurvey.co.uk/ontology/admingeo/UnitaryAuthority,Yorkshire and the Humber,http://data.ordnancesurvey.co.uk/id/7000000000041430,England,http://data.ordnancesurvey.co.uk/id/country/england,,,
osgb4000000074625863,http://data.ordnancesurvey.co.uk/id/4000000074625863,Copy Wood,,,,landcover,Woodland Or Forest,412333,468914,2000,400000,412157,468664,412657,469164,HG3,http://data.ordnancesurvey.co.uk/id/postcodedistrict/HG3,,,,,,,North Yorkshire,http://data.ordnancesurvey.co.uk/id/7000000000183627,http://data.ordnancesurvey.co.uk/ontology/admingeo/UnitaryAuthority,Yorkshire and the Humber,http://data.ordnancesurvey.co.uk/id/7000000000041430,England,http://data.ordnancesurvey.co.uk/id/country/england,,,
osgb4000000074601442,http://data.ordnancesurvey.co.uk/id/4000000074601442,High Crag,,,,landform,Hill Or Mountain,416517,462860,1000,300000,416267,462610,416767,463110,HG3,http://data.ordnancesurvey.co.uk/id/postcodedistrict/HG3,,,,,,,North Yorkshire,http://data.ordnancesurvey.co.uk/id/7000000000183627,http://data.ordnancesurvey.co.uk/ontology/admingeo/UnitaryAuthority,Yorkshire and the Humber,http://data.ordnancesurvey.co.uk/id/7000000000041430,England,http://data.ordnancesurvey.co.uk/id/country/england,,,
osgb4000000074601736,http://data.ordnancesurvey.co.uk/id/4000000074601736,Meugher,,,,landform,Hill Or Mountain,404412,470414,1000,300000,404162,470164,404662,470664,HG3,http://data.ordnancesurvey.co.uk/id/postcodedistrict/HG3,,,,,,,North Yorkshire,http://data.ordnancesurvey.co.uk/id/7000000000183627,http://data.ordnancesurvey.co.uk/ontology/admingeo/UnitaryAuthority,Yorkshire and the Humber,http://data.ordnancesurvey.co.uk/id/7000000000041430,England,http://data.ordnancesurvey.co.uk/id/country/england,,,
osgb4000000074730076,http://data.ordnancesurvey.co.uk/id/4000000074730076,Ladies' Flat,,,,landcover,Other Landcover,414376,465728,3000,800000,414126,465479,414626,465979,HG3,http://data.ordnancesurvey.co.uk/id/postcodedistrict/HG3,,,,,,,North Yorkshire,http://data.ordnancesurvey.co.uk/id/7000000000183627,http://data.ordnancesurvey.co.uk/ontology/admingeo/UnitaryAuthority,Yorkshire and the Humber,http://data.ordnancesurvey.co.uk/id/7000000000041430,England,http://data.ordnancesurvey.co.uk/id/country/england,,,
osgb4000000074729851,http://data.ordnancesurvey.co.uk/id/4000000074729851,Cow Pasture,,,,landcover,Other Landcover,401023,478936,4000,800000,400679,478686,401293,479186,DL8,http://data.ordnancesurvey.co.uk/id/postcodedistrict/DL8,,,,,,,North Yorkshire,http://data.ordnancesurvey.co.uk/id/7000000000183627,http://data.ordnancesurvey.co.uk/ontology/admingeo/UnitaryAuthority,Yorkshire and the Humber,http://data.ordnancesurvey.co.uk/id/7000000000041430,England,http://data.ordnancesurvey.co.uk/id/country/england,,,
osgb4000000074730386,http://data.ordnancesurvey.co.uk/id/4000000074730386,Low Plain,,,,landcover,Other Landcover,417267,471110,4000,1300000,417001,470860,417686,471360,HG4,http://data.ordnancesurvey.co.uk/id/postcodedistrict/HG4,,,,,,,North Yorkshire,http://data.ordnancesurvey.co.uk/id/7000000000183627,http://data.ordnancesurvey.co.uk/ontology/admingeo/UnitaryAuthority,Yorkshire and the Humber,http://data.ordnancesurvey.co.uk/id/7000000000041430,England,http://data.ordnancesurvey.co.uk/id/country/england,,,
osgb4000000074670279,http://data.ordnancesurvey.co.uk/id/4000000074670279,Cliff Wood,,,,landcover,Woodland Or Forest,408581,474192,3000,400000,408331,473876,408831,474376,HG3,http://data.ordnancesurvey.co.uk/id/postcodedistrict/HG3,,,,,,,North Yorkshire,http://data.ordnancesurvey.co.uk/id/7000000000183627,http://data.ordnancesurvey.co.uk/ontology/admingeo/UnitaryAuthority,Yorkshire and the Humber,http://data.ordnancesurvey.co.uk/id/7000000000041430,England,http://data.ordnancesurvey.co.uk/id/country/england,,,
osgb5000005231369122,http://data.ordnancesurvey.co.uk/id/5000005231369122,Hard Gap Lane,,,,transportNetwork,Named Road,408497,473056,8000,20000,407854,472842,409154,473265,HG3,http://data.ordnancesurvey.co.uk/id/postcodedistrict/HG3,,,,,,,North Yorkshire,http://data.ordnancesurvey.co.uk/id/7000000000183627,http://data.ordnancesurvey.co.uk/ontology/admingeo/UnitaryAuthority,Yorkshire and the Humber,http://data.ordnancesurvey.co.uk/id/7000000000041430,England,http://data.ordnancesurvey.co.uk/id/country/england,,,
50caaf41-7356-4957-9515-99180f650fb0,http://data.ordnancesurvey.co.uk/id/50caaf41-7356-4957-9515-99180f650fb0,Street Lane,,,,transportNetwork,Section Of Named Road,415440,465163,2000,25000,415270,465092,415589,465310,HG3,http://data.ordnancesurvey.co.uk/id/postcodedistrict/HG3,Pateley Bridge,http://data.ordnancesurvey.co.uk/id/4000000074546010,http://www.ordnancesurvey.co.uk/xml/codelists/localtype.xml#town,,,,North Yorkshire,http://data.ordnancesurvey.co.uk/id/7000000000183627,http://data.ordnancesurvey.co.uk/ontology/admingeo/UnitaryAuthority,Yorkshire and the Humber,http://data.ordnancesurvey.co.uk/id/7000000000041430,England,http://data.ordnancesurvey.co.uk/id/country/england,osgb4000000010930472,,
osgb4000000074729836,http://data.ordnancesurvey.co.uk/id/4000000074729836,Hard Gate Moss,,,,landcover,Other Landcover,406446,465650,10000,1300000,405955,464899,406937,466467,BD23,http://data.ordnancesurvey.co.uk/id/postcodedistrict/BD23,,,,,,,North Yorkshire,http://data.ordnancesurvey.co.uk/id/7000000000183627,http://data.ordnancesurvey.co.uk/ontology/admingeo/UnitaryAuthority,Yorkshire and the Humber,http://data.ordnancesurvey.co.uk/id/7000000000041430,England,http://data.ordnancesurvey.co.uk/id/country/england,,,
osgb4000000074730396,http://data.ordnancesurvey.co.uk/id/4000000074730396,Stean Moor,,,,landcover,Other Landcover,406570,470688,20000,1300000,404919,469878,408066,471498,HG3,http://data.ordnancesurvey.co.uk/id/postcodedistrict/HG3,,,,,,,North Yorkshire,http://data.ordnancesurvey.co.uk/id/7000000000183627,http://data.ordnancesurvey.co.uk/ontology/admingeo/UnitaryAuthority,Yorkshire and the Humber,http://data.ordnancesurvey.co.uk/id/7000000000041430,England,http://data.ordnancesurvey.co.uk/id/country/england,,,
osgb4000000074783345,http://data.ordnancesurvey.co.uk/id/4000000074783345,Eastwood Head,,,,landform,Other Landform,407228,460002,4000,15000,406915,459752,407536,460252,BD23,http://data.ordnancesurvey.co.uk/id/postcodedistrict/BD23,,,,,,,North Yorkshire,http://data.ordnancesurvey.co.uk/id/7000000000183627,http://data.ordnancesurvey.co.uk/ontology/admingeo/UnitaryAuthority,Yorkshire and the Humber,http://data.ordnancesurvey.co.uk/id/7000000000041430,England,http://data.ordnancesurvey.co.uk/id/country/england,,,
osgb4000000074623963,http://data.ordnancesurvey.co.uk/id/4000000074623963,Ruska Plantation,,,,landcover,Woodland Or Forest,406539,460841,2000,400000,406356,460591,406856,461091,BD23,http://data.ordnancesurvey.co.uk/id/postcodedistrict/BD23,,,,,,,North Yorkshire,http://data.ordnancesurvey.co.uk/id/7000000000183627,http://data.ordnancesurvey.co.uk/ontology/admingeo/UnitaryAuthority,Yorkshire and the Humber,http://data.ordnancesurvey.co.uk/id/7000000000041430,England,http://data.ordnancesurvey.co.uk/id/country/england,,,
osgb4000000074716557,http://data.ordnancesurvey.co.uk/id/4000000074716557,Stock Ridge Bottom,,,,landform,Valley,407498,471861,5000,800000,407141,471611,407856,472111,HG3,http://data.ordnancesurvey.co.uk/id/postcodedistrict/HG3,,,,,,,North Yorkshire,http://data.ordnancesurvey.co.uk/id/7000000000183627,http://data.ordnancesurvey.co.uk/ontology/admingeo/UnitaryAuthority,Yorkshire and the Humber,http://data.ordnancesurvey.co.uk/id/7000000000041430,England,http://data.ordnancesurvey.co.uk/id/country/england,,,
osgb4000000074669455,http://data.ordnancesurvey.co.uk/id/4000000074669455,Barn Wood,,,,landcover,Woodland Or Forest,413229,471235,2000,400000,412979,470994,413479,471494,HG3,http://data.ordnancesurvey.co.uk/id/postcodedistrict/HG3,,,,,,,North Yorkshire,http://data.ordnancesurvey.co.uk/id/7000000000183627,http://data.ordnancesurvey.co.uk/ontology/admingeo/UnitaryAuthority,Yorkshire and the Humber,http://data.ordnancesurvey.co.uk/id/7000000000041430,England,http://data.ordnancesurvey.co.uk/id/country/england,,,
osgb4000000074738462,http://data.ordnancesurvey.co.uk/id/4000000074738462,Stony Pasture,,,,landcover,Other Landcover,415606,461100,2000,800000,415356,460848,415856,461348,HG3,http://data.ordnancesurvey.co.uk/id/postcodedistrict/HG3,,,,,,,North Yorkshire,http://data.ordnancesurvey.co.uk/id/7000000000183627,http://data.ordnancesurvey.co.uk/ontology/admingeo/UnitaryAuthority,Yorkshire and the Humber,http://data.ordnancesurvey.co.uk/id/7000000000041430,England,http://data.ordnancesurvey.co.uk/id/country/england,,,
osgb4000000074670277,http://data.ordnancesurvey.co.uk/id/4000000074670277,Thrope Plantation,,,,landcover,Woodland Or Forest,410316,474601,3000,400000,410066,474454,410566,474954,HG3,http://data.ordnancesurvey.co.uk/id/postcodedistrict/HG3,,,,,,,North Yorkshire,http://data.ordnancesurvey.co.uk/id/7000000000183627,http://data.ordnancesurvey.co.uk/ontology/admingeo/UnitaryAuthority,Yorkshire and the Humber,http://data.ordnancesurvey.co.uk/id/7000000000041430,England,http://data.ordnancesurvey.co.uk/id/country/england,,,
osgb4000000074783740,http://data.ordnancesurvey.co.uk/id/4000000074783740,Drakes Stones Hill,,,,landform,Hill Or Mountain,405755,467382,1000,300000,405505,467132,406005,467632,BD23,http://data.ordnancesurvey.co.uk/id/postcodedistrict/BD23,,,,,,,North Yorkshire,http://data.ordnancesurvey.co.uk/id/7000000000183627,http://data.ordnancesurvey.co.uk/ontology/admingeo/UnitaryAuthority,Yorkshire and the Humber,http://data.ordnancesurvey.co.uk/id/7000000000041430,England,http://data.ordnancesurvey.co.uk/id/country/england,,,
osgb4000000074738244,http://data.ordnancesurvey.co.uk/id/4000000074738244,Old Moss Crags,,,,landcover,Other Landcover,414327,463276,5000,1300000,413948,462935,414772,463617,HG3,http://data.ordnancesurvey.co.uk/id/postcodedistrict/HG3,,,,,,,North Yorkshire,http://data.ordnancesurvey.co.uk/id/7000000000183627,http://data.ordnancesurvey.co.uk/ontology/admingeo/UnitaryAuthority,Yorkshire and the Humber,http://data.ordnancesurvey.co.uk/id/7000000000041430,England,http://data.ordnancesurvey.co.uk/id/country/england,,,
osgb4000000074795791,http://data.ordnancesurvey.co.uk/id/4000000074795791,Wising Gill Intake,,,,hydrography,Inland Water,407315,474024,1000,35000,407065,473774,407565,474274,HG3,http://data.ordnancesurvey.co.uk/id/postcodedistrict/HG3,,,,,,,North Yorkshire,http://data.ordnancesurvey.co.uk/id/7000000000183627,http://data.ordnancesurvey.co.uk/ontology/admingeo/UnitaryAuthority,Yorkshire and the Humber,http://data.ordnancesurvey.co.uk/id/7000000000041430,England,http://data.ordnancesurvey.co.uk/id/country/england,,,
osgb4000000074669456,http://data.ordnancesurvey.co.uk/id/4000000074669456,Quarry Wood,,,,landcover,Woodland Or Forest,412995,471374,2000,400000,412745,471090,413245,471590,HG3,http://data.ordnancesurvey.co.uk/id/postcodedistrict/HG3,,,,,,,North Yorkshire,http://data.ordnancesurvey.co.uk/id/7000000000183627,http://data.ordnancesurvey.co.uk/ontology/admingeo/UnitaryAuthority,Yorkshire and the Humber,http://data.ordnancesurvey.co.uk/id/7000000000041430,England,http://data.ordnancesurvey.co.uk/id/country/england,,,
osgb4000000074625864,http://data.ordnancesurvey.co.uk/id/4000000074625864,Riddingsgill Wood,,,,landcover,Woodland Or Forest,412032,469326,4000,400000,411852,469076,412465,469576,HG3,http://data.ordnancesurvey.co.uk/id/postcodedistrict/HG3,,,,,,,North Yorkshire,http://data.ordnancesurvey.co.uk/id/7000000000183627,http://data.ordnancesurvey.co.uk/ontology/admingeo/UnitaryAuthority,Yorkshire and the Humber,http://data.ordnancesurvey.co.uk/id/7000000000041430,England,http://data.ordnancesurvey.co.uk/id/country/england,,,
osgb4000000074783451,http://data.ordnancesurvey.co.uk/id/4000000074783451,Nar Hill,,,,landform,Hill Or Mountain,412384,461473,1000,300000,412134,461223,412634,461723,HG3,http://data.ordnancesurvey.co.uk/id/postcodedistrict/HG3,,,,,,,North Yorkshire,http://data.ordnancesurvey.co.uk/id/7000000000183627,http://data.ordnancesurvey.co.uk/ontology/admingeo/UnitaryAuthority,Yorkshire and the Humber,http://data.ordnancesurvey.co.uk/id/7000000000041430,England,http://data.ordnancesurvey.co.uk/id/country/england,,,
osgb4000000074729759,http://data.ordnancesurvey.co.uk/id/4000000074729759,Tarn Gill Wood,,,,landcover,Other Landcover,406966,460935,2000,800000,406732,460686,407232,461186,BD23,http://data.ordnancesurvey.co.uk/id/postcodedistrict/BD23,,,,,,,North Yorkshire,http://data.ordnancesurvey.co.uk/id/7000000000183627,http://data.ordnancesurvey.co.uk/ontology/admingeo/UnitaryAuthority,Yorkshire and the Humber,http://data.ordnancesurvey.co.uk/id/7000000000041430,England,http://data.ordnancesurvey.co.uk/id/country/england,,,
osgb4000000074783340,http://data.ordnancesurvey.co.uk/id/4000000074783340,Rabbit Hill,,,,landform,Hill Or Mountain,407587,463044,1000,300000,407337,462794,407837,463294,HG3,http://data.ordnancesurvey.co.uk/id/postcodedistrict/HG3,,,,,,,North Yorkshire,http://data.ordnancesurvey.co.uk/id/7000000000183627,http://data.ordnancesurvey.co.uk/ontology/admingeo/UnitaryAuthority,Yorkshire and the Humber,http://data.ordnancesurvey.co.uk/id/7000000000041430,England,http://data.ordnancesurvey.co.uk/id/country/england,,,
osgb4000000074666555,http://data.ordnancesurvey.co.uk/id/4000000074666555,Harefield Plantation,,,,landcover,Woodland Or Forest,416213,465201,1000,400000,415968,464951,416468,465451,HG3,http://data.ordnancesurvey.co.uk/id/postcodedistrict/HG3,,,,,,,North Yorkshire,http://data.ordnancesurvey.co.uk/id/7000000000183627,http://data.ordnancesurvey.co.uk/ontology/admingeo/UnitaryAuthority,Yorkshire and the Humber,http://data.ordnancesurvey.co.uk/id/7000000000041430,England,http://data.ordnancesurvey.co.uk/id/country/england,,,
osgb4000000074783301,http://data.ordnancesurvey.co.uk/id/4000000074783301,Strawberry Hill,,,,landform,Hill Or Mountain,414699,465173,1000,300000,414449,464923,414949,465423,HG3,http://data.ordnancesurvey.co.uk/id/postcodedistrict/HG3,,,,,,,North Yorkshire,http://data.ordnancesurvey.co.uk/id/7000000000183627,http://data.ordnancesurvey.co.uk/ontology/admingeo/UnitaryAuthority,Yorkshire and the Humber,http://data.ordnancesurvey.co.uk/id/7000000000041430,England,http://data.ordnancesurvey.co.uk/id/country/england,,,
osgb4000000074730488,http://data.ordnancesurvey.co.uk/id/4000000074730488,Craven Moor,,,,landcover,Other Landcover,409650,463639,6000,1300000,409220,463347,410090,463931,HG3,http://data.ordnancesurvey.co.uk/id/postcodedistrict/HG3,,,,,,,North Yorkshire,http://data.ordnancesurvey.co.uk/id/7000000000183627,http://data.ordnancesurvey.co.uk/ontology/admingeo/UnitaryAuthority,Yorkshire and the Humber,http://data.ordnancesurvey.co.uk/id/7000000000041430,England,http://data.ordnancesurvey.co.uk/id/country/england,,,
osgb4000000074783203,http://data.ordnancesurvey.co.uk/id/4000000074783203,Long Hill,,,,landform,Hill Or Mountain,406004,466582,1000,300000,405754,466332,406254,466832,BD23,http://data.ordnancesurvey.co.uk/id/postcodedistrict/BD23,,,,,,,North Yorkshire,http://data.ordnancesurvey.co.uk/id/7000000000183627,http://data.ordnancesurvey.co.uk/ontology/admingeo/UnitaryAuthority,Yorkshire and the Humber,http://data.ordnancesurvey.co.uk/id/7000000000041430,England,http://data.ordnancesurvey.co.uk/id/country/england,,,
osgb4000000074669037,http://data.ordnancesurvey.co.uk/id/4000000074669037,Skuff Wood,,,,landcover,Woodland Or Forest,403357,461668,2000,400000,403107,461312,403607,461812,BD23,http://data.ordnancesurvey.co.uk/id/postcodedistrict/BD23,,,,,,,North Yorkshire,http://data.ordnancesurvey.co.uk/id/7000000000183627,http://data.ordnancesurvey.co.uk/ontology/admingeo/UnitaryAuthority,Yorkshire and the Humber,http://data.ordnancesurvey.co.uk/id/7000000000041430,England,http://data.ordnancesurvey.co.uk/id/country/england,,,
osgb4000000074623930,http://data.ordnancesurvey.co.uk/id/4000000074623930,Fishpond Wood,,,,landcover,Woodland Or Forest,415322,464553,2000,400000,415072,464303,415572,464803,HG3,http://data.ordnancesurvey.co.uk/id/postcodedistrict/HG3,,,,,,,North Yorkshire,http://data.ordnancesurvey.co.uk/id/7000000000183627,http://data.ordnancesurvey.co.uk/ontology/admingeo/UnitaryAuthority,Yorkshire and the Humber,http://data.ordnancesurvey.co.uk/id/7000000000041430,England,http://data.ordnancesurvey.co.uk/id/country/england,,,
osgb4000000074729987,http://data.ordnancesurvey.co.uk/id/4000000074729987,Heyshaw Moor,,,,landcover,Other Landcover,416021,462561,16000,1300000,414879,461585,417270,463538,HG3,http://data.ordnancesurvey.co.uk/id/postcodedistrict/HG3,,,,,,,North Yorkshire,http://data.ordnancesurvey.co.uk/id/7000000000183627,http://data.ordnancesurvey.co.uk/ontology/admingeo/UnitaryAuthority,Yorkshire and the Humber,http://data.ordnancesurvey.co.uk/id/7000000000041430,England,http://data.ordnancesurvey.co.uk/id/country/england,,,
osgb4000000074794185,http://data.ordnancesurvey.co.uk/id/4000000074794185,Bullfront Hole,,,,hydrography,Inland Water,405780,467335,1000,35000,405530,467099,406030,467599,BD23,http://data.ordnancesurvey.co.uk/id/postcodedistrict/BD23,,,,,,,North Yorkshire,http://data.ordnancesurvey.co.uk/id/7000000000183627,http://data.ordnancesurvey.co.uk/ontology/admingeo/UnitaryAuthority,Yorkshire and the Humber,http://data.ordnancesurvey.co.uk/id/7000000000041430,England,http://data.ordnancesurvey.co.uk/id/country/england,,,
osgb4000000074783195,http://data.ordnancesurvey.co.uk/id/4000000074783195,Bawd How Hill,,,,landform,Hill Or Mountain,417490,475191,1000,300000,417240,474941,417740,475441,HG4,http://data.ordnancesurvey.co.uk/id/postcodedistrict/HG4,,,,,,,North Yorkshire,http://data.ordnancesurvey.co.uk/id/7000000000183627,http://data.ordnancesurvey.co.uk/ontology/admingeo/UnitaryAuthority,Yorkshire and the Humber,http://data.ordnancesurvey.co.uk/id/7000000000041430,England,http://data.ordnancesurvey.co.uk/id/country/england,,,
5d2999b9-8a93-457e-b4fa-f9923b6ab367,http://data.ordnancesurvey.co.uk/id/5d2999b9-8a93-457e-b4fa-f9923b6ab367,Skuff Road,,,,transportNetwork,Section Of Named Road,403780,461276,1000,25000,403744,461266,403811,461295,BD23,http://data.ordnancesurvey.co.uk/id/postcodedistrict/BD23,Hartlington,http://data.ordnancesurvey.co.uk/id/4000000074547504,http://www.ordnancesurvey.co.uk/xml/codelists/localtype.xml#hamlet,,,,North Yorkshire,http://data.ordnancesurvey.co.uk/id/7000000000183627,http://data.ordnancesurvey.co.uk/ontology/admingeo/UnitaryAuthority,Yorkshire and the Humber,http://data.ordnancesurvey.co.uk/id/7000000000041430,England,http://data.ordnancesurvey.co.uk/id/country/england,osgb4000000010928284,,
osgb4000000010954790,http://data.ordnancesurvey.co.uk/id/4000000010954790,Croft House Lane,,,,transportNetwork,Named Road,402635,462942,1000,20000,402613,462923,402684,462976,BD23,http://data.ordnancesurvey.co.uk/id/postcodedistrict/BD23,Hebden,http://data.ordnancesurvey.co.uk/id/4000000074547511,http://www.ordnancesurvey.co.uk/xml/codelists/localtype.xml#village,,,,North Yorkshire,http://data.ordnancesurvey.co.uk/id/7000000000183627,http://data.ordnancesurvey.co.uk/ontology/admingeo/UnitaryAuthority,Yorkshire and the Humber,http://data.ordnancesurvey.co.uk/id/7000000000041430,England,http://data.ordnancesurvey.co.uk/id/country/england,,,
osgb4000000010950337,http://data.ordnancesurvey.co.uk/id/4000000010950337,Bishop Way,,,,transportNetwork,Named Road,415961,465918,1000,20000,415888,465894,416020,465976,HG3,http://data.ordnancesurvey.co.uk/id/postcodedistrict/HG3,Pateley Bridge,http://data.ordnancesurvey.co.uk/id/4000000074546010,http://www.ordnancesurvey.co.uk/xml/codelists/localtype.xml#town,,,,North Yorkshire,http://data.ordnancesurvey.co.uk/id/7000000000183627,http://data.ordnancesurvey.co.uk/ontology/admingeo/UnitaryAuthority,Yorkshire and the Humber,http://data.ordnancesurvey.co.uk/id/7000000000041430,England,http://data.ordnancesurvey.co.uk/id/country/england,,,
osgb4000000074783211,http://data.ordnancesurvey.co.uk/id/4000000074783211,Middle Hill,,,,landform,Hill Or Mountain,406747,462008,1000,300000,406497,461758,406997,462258,BD23,http://data.ordnancesurvey.co.uk/id/postcodedistrict/BD23,,,,,,,North Yorkshire,http://data.ordnancesurvey.co.uk/id/7000000000183627,http://data.ordnancesurvey.co.uk/ontology/admingeo/UnitaryAuthority,Yorkshire and the Humber,http://data.ordnancesurvey.co.uk/id/7000000000041430,England,http://data.ordnancesurvey.co.uk/id/country/england,,,
osgb4000000074794139,http://data.ordnancesurvey.co.uk/id/4000000074794139,Half Slack,,,,landcover,Wetland,412458,467211,2000,15000,412208,466917,412708,467417,HG3,http://data.ordnancesurvey.co.uk/id/postcodedistrict/HG3,,,,,,,North Yorkshire,http://data.ordnancesurvey.co.uk/id/7000000000183627,http://data.ordnancesurvey.co.uk/ontology/admingeo/UnitaryAuthority,Yorkshire and the Humber,http://data.ordnancesurvey.co.uk/id/7000000000041430,England,http://data.ordnancesurvey.co.uk/id/country/england,,,
osgb4000000074783493,http://data.ordnancesurvey.co.uk/id/4000000074783493,Blaythorn Hill,,,,landform,Hill Or Mountain,419920,470372,1000,300000,419670,470122,420170,470622,HG4,http://data.ordnancesurvey.co.uk/id/postcodedistrict/HG4,,,,,,,North Yorkshire,http://data.ordnancesurvey.co.uk/id/7000000000183627,http://data.ordnancesurvey.co.uk/ontology/admingeo/UnitaryAuthority,Yorkshire and the Humber,http://data.ordnancesurvey.co.uk/id/7000000000041430,England,http://data.ordnancesurvey.co.uk/id/country/england,,,
osgb4000000074600063,http://data.ordnancesurvey.co.uk/id/4000000074600063,Great Haw,,,,landform,Hill Or Mountain,407446,479337,1000,300000,407196,479087,407696,479587,HG3,http://data.ordnancesurvey.co.uk/id/postcodedistrict/HG3,,,,,,,North Yorkshire,http://data.ordnancesurvey.co.uk/id/7000000000183627,http://data.ordnancesurvey.co.uk/ontology/admingeo/UnitaryAuthority,Yorkshire and the Humber,http://data.ordnancesurvey.co.uk/id/7000000000041430,England,http://data.ordnancesurvey.co.uk/id/country/england,,,
osgb4000000074730499,http://data.ordnancesurvey.co.uk/id/4000000074730499,Arnagill Moor,,,,landcover,Other Landcover,415270,475397,15000,1300000,414074,474426,416374,476368,HG4,http://data.ordnancesurvey.co.uk/id/postcodedistrict/HG4,,,,,,,North Yorkshire,http://data.ordnancesurvey.co.uk/id/7000000000183627,http://data.ordnancesurvey.co.uk/ontology/admingeo/UnitaryAuthority,Yorkshire and the Humber,http://data.ordnancesurvey.co.uk/id/7000000000041430,England,http://data.ordnancesurvey.co.uk/id/country/england,,,
osgb4000000074820408,http://data.ordnancesurvey.co.uk/id/4000000074820408,The Springs,,,,landcover,Other Landcover,415229,469968,3000,1300000,414980,469740,415480,470240,HG3,http://data.ordnancesurvey.co.uk/id/postcodedistrict/HG3,,,,,,,North Yorkshire,http://data.ordnancesurvey.co.uk/id/7000000000183627,http://data.ordnancesurvey.co.uk/ontology/admingeo/UnitaryAuthority,Yorkshire and the Humber,http://data.ordnancesurvey.co.uk/id/7000000000041430,England,http://data.ordnancesurvey.co.uk/id/country/england,,,
osgb4000000074601732,http://data.ordnancesurvey.co.uk/id/4000000074601732,Lulbeck Crags,,,,landform,Hill Or Mountain,414511,472797,1000,300000,414261,472547,414761,473047,HG3,http://data.ordnancesurvey.co.uk/id/postcodedistrict/HG3,,,,,,,North Yorkshire,http://data.ordnancesurvey.co.uk/id/7000000000183627,http://data.ordnancesurvey.co.uk/ontology/admingeo/UnitaryAuthority,Yorkshire and the Humber,http://data.ordnancesurvey.co.uk/id/7000000000041430,England,http://data.ordnancesurvey.co.uk/id/country/england,,,
osgb4000000074772387,http://data.ordnancesurvey.co.uk/id/4000000074772387,Bunker's Hill,,,,landform,Hill Or Mountain,402894,461388,1000,300000,402644,461138,403144,461638,BD23,http://data.ordnancesurvey.co.uk/id/postcodedistrict/BD23,,,,,,,North Yorkshire,http://data.ordnancesurvey.co.uk/id/7000000000183627,http://data.ordnancesurvey.co.uk/ontology/admingeo/UnitaryAuthority,Yorkshire and the Humber,http://data.ordnancesurvey.co.uk/id/7000000000041430,England,http://data.ordnancesurvey.co.uk/id/country/england,,,
osgb4000000074590331,http://data.ordnancesurvey.co.uk/id/4000000074590331,Blea Gill,,,,landform,Valley,404883,465830,4000,800000,404530,465580,405137,466080,BD23,http://data.ordnancesurvey.co.uk/id/postcodedistrict/BD23,,,,,,,North Yorkshire,http://data.ordnancesurvey.co.uk/id/7000000000183627,http://data.ordnancesurvey.co.uk/ontology/admingeo/UnitaryAuthority,Yorkshire and the Humber,http://data.ordnancesurvey.co.uk/id/7000000000041430,England,http://data.ordnancesurvey.co.uk/id/country/england,,,
osgb4000000074669453,http://data.ordnancesurvey.co.uk/id/4000000074669453,Tenement Wood,,,,landcover,Woodland Or Forest,414052,468970,3000,400000,413797,468747,414307,469280,HG3,http://data.ordnancesurvey.co.uk/id/postcodedistrict/HG3,,,,,,,North Yorkshire,http://data.ordnancesurvey.co.uk/id/7000000000183627,http://data.ordnancesurvey.co.uk/ontology/admingeo/UnitaryAuthority,Yorkshire and the Humber,http://data.ordnancesurvey.co.uk/id/7000000000041430,England,http://data.ordnancesurvey.co.uk/id/country/england,,,
osgb4000000074730390,http://data.ordnancesurvey.co.uk/id/4000000074730390,Carle Moor,,,,landcover,Other Landcover,416937,474104,23000,1300000,415127,472747,418719,475461,HG4,http://data.ordnancesurvey.co.uk/id/postcodedistrict/HG4,,,,,,,North Yorkshire,http://data.ordnancesurvey.co.uk/id/7000000000183627,http://data.ordnancesurvey.co.uk/ontology/admingeo/UnitaryAuthority,Yorkshire and the Humber,http://data.ordnancesurvey.co.uk/id/7000000000041430,England,http://data.ordnancesurvey.co.uk/id/country/england,,,
osgb4000000074729681,http://data.ordnancesurvey.co.uk/id/4000000074729681,Cross Gill Moor,,,,landcover,Other Landcover,409977,466001,12000,1300000,409051,465594,410842,466409,HG3,http://data.ordnancesurvey.co.uk/id/postcodedistrict/HG3,,,,,,,North Yorkshire,http://data.ordnancesurvey.co.uk/id/7000000000183627,http://data.ordnancesurvey.co.uk/ontology/admingeo/UnitaryAuthority,Yorkshire and the Humber,http://data.ordnancesurvey.co.uk/id/7000000000041430,England,http://data.ordnancesurvey.co.uk/id/country/england,,,
osgb4000000074822374,http://data.ordnancesurvey.co.uk/id/4000000074822374,Burn Ground,,,,landcover,Other Landcover,411777,468300,3000,1300000,411548,468050,412048,468550,HG3,http://data.ordnancesurvey.co.uk/id/postcodedistrict/HG3,,,,,,,North Yorkshire,http://data.ordnancesurvey.co.uk/id/7000000000183627,http://data.ordnancesurvey.co.uk/ontology/admingeo/UnitaryAuthority,Yorkshire and the Humber,http://data.ordnancesurvey.co.uk/id/7000000000041430,England,http://data.ordnancesurvey.co.uk/id/country/england,,,
osgb4000000074739252,http://data.ordnancesurvey.co.uk/id/4000000074739252,Shale Brae,,,,landcover,Other Landcover,418103,476485,3000,1300000,417823,476235,418323,476735,HG4,http://data.ordnancesurvey.co.uk/id/postcodedistrict/HG4,,,,,,,North Yorkshire,http://data.ordnancesurvey.co.uk/id/7000000000183627,http://data.ordnancesurvey.co.uk/ontology/admingeo/UnitaryAuthority,Yorkshire and the Humber,http://data.ordnancesurvey.co.uk/id/7000000000041430,England,http://data.ordnancesurvey.co.uk/id/country/england,,,
osgb4000000074729620,http://data.ordnancesurvey.co.uk/id/4000000074729620,Sourmire Moor,,,,landcover,Other Landcover,412242,478508,21000,1300000,410477,477561,413656,479456,HG4,http://data.ordnancesurvey.co.uk/id/postcodedistrict/HG4,,,,,,,North Yorkshire,http://data.ordnancesurvey.co.uk/id/7000000000183627,http://data.ordnancesurvey.co.uk/ontology/admingeo/UnitaryAuthority,Yorkshire and the Humber,http://data.ordnancesurvey.co.uk/id/7000000000041430,England,http://data.ordnancesurvey.co.uk/id/country/england,,,
osgb4000000074730392,http://data.ordnancesurvey.co.uk/id/4000000074730392,Raygill House Moor,,,,landcover,Other Landcover,410082,469847,33000,1300000,406852,468746,411926,470948,HG3,http://data.ordnancesurvey.co.uk/id/postcodedistrict/HG3,,,,,,,North Yorkshire,http://data.ordnancesurvey.co.uk/id/7000000000183627,http://data.ordnancesurvey.co.uk/ontology/admingeo/UnitaryAuthority,Yorkshire and the Humber,http://data.ordnancesurvey.co.uk/id/7000000000041430,England,http://data.ordnancesurvey.co.uk/id/country/england,,,
osgb4000000074783525,http://data.ordnancesurvey.co.uk/id/4000000074783525,Throstle Hill,,,,landform,Hill Or Mountain,411068,477566,1000,300000,410818,477316,411318,477816,HG3,http://data.ordnancesurvey.co.uk/id/postcodedistrict/HG3,,,,,,,North Yorkshire,http://data.ordnancesurvey.co.uk/id/7000000000183627,http://data.ordnancesurvey.co.uk/ontology/admingeo/UnitaryAuthority,Yorkshire and the Humber,http://data.ordnancesurvey.co.uk/id/7000000000041430,England,http://data.ordnancesurvey.co.uk/id/country/england,,,
osgb4000000074730294,http://data.ordnancesurvey.co.uk/id/4000000074730294,Colt Plain,,,,landcover,Other Landcover,412054,468808,4000,1300000,411759,468544,412350,469103,HG3,http://data.ordnancesurvey.co.uk/id/postcodedistrict/HG3,,,,,,,North Yorkshire,http://data.ordnancesurvey.co.uk/id/7000000000183627,http://data.ordnancesurvey.co.uk/ontology/admingeo/UnitaryAuthority,Yorkshire and the Humber,http://data.ordnancesurvey.co.uk/id/7000000000041430,England,http://data.ordnancesurvey.co.uk/id/country/england,,,
osgb4000000074812935,http://data.ordnancesurvey.co.uk/id/4000000074812935,Nidd Head Allotment,,,,landcover,Other Landcover,400406,475645,8000,1300000,399792,475252,401083,476038,BD23,http://data.ordnancesurvey.co.uk/id/postcodedistrict/BD23,,,,,,,North Yorkshire,http://data.ordnancesurvey.co.uk/id/7000000000183627,http://data.ordnancesurvey.co.uk/ontology/admingeo/UnitaryAuthority,Yorkshire and the Humber,http://data.ordnancesurvey.co.uk/id/7000000000041430,England,http://data.ordnancesurvey.co.uk/id/country/england,,,
osgb4000000074813043,http://data.ordnancesurvey.co.uk/id/4000000074813043,Kay's Allotment,,,,landcover,Other Landcover,412275,460607,5000,1300000,411956,460336,412667,460878,HG3,http://data.ordnancesurvey.co.uk/id/postcodedistrict/HG3,,,,,,,North Yorkshire,http://data.ordnancesurvey.co.uk/id/7000000000183627,http://data.ordnancesurvey.co.uk/ontology/admingeo/UnitaryAuthority,Yorkshire and the Humber,http://data.ordnancesurvey.co.uk/id/7000000000041430,England,http://data.ordnancesurvey.co.uk/id/country/england,,,
osgb4000000074730289,http://data.ordnancesurvey.co.uk/id/4000000074730289,Burrows Pasture,,,,landcover,Other Landcover,401951,467741,5000,1300000,401495,467386,402233,468097,BD23,http://data.ordnancesurvey.co.uk/id/postcodedistrict/BD23,,,,,,,North Yorkshire,http://data.ordnancesurvey.co.uk/id/7000000000183627,http://data.ordnancesurvey.co.uk/ontology/admingeo/UnitaryAuthority,Yorkshire and the Humber,http://data.ordnancesurvey.co.uk/id/7000000000041430,England,http://data.ordnancesurvey.co.uk/id/country/england,,,
osgb4000000074783536,http://data.ordnancesurvey.co.uk/id/4000000074783536,Blake Hill,,,,landform,Hill Or Mountain,402561,473018,1000,300000,402311,472768,402811,473268,BD23,http://data.ordnancesurvey.co.uk/id/postcodedistrict/BD23,,,,,,,North Yorkshire,http://data.ordnancesurvey.co.uk/id/7000000000183627,http://data.ordnancesurvey.co.uk/ontology/admingeo/UnitaryAuthority,Yorkshire and the Humber,http://data.ordnancesurvey.co.uk/id/7000000000041430,England,http://data.ordnancesurvey.co.uk/id/country/england,,,
osgb4000000074730604,http://data.ordnancesurvey.co.uk/id/4000000074730604,Fountains Earth Moor,,,,landcover,Other Landcover,412876,473474,33000,1300000,410733,470108,415019,475183,HG3,http://data.ordnancesurvey.co.uk/id/postcodedistrict/HG3,,,,,,,North Yorkshire,http://data.ordnancesurvey.co.uk/id/7000000000183627,http://data.ordnancesurvey.co.uk/ontology/admingeo/UnitaryAuthority,Yorkshire and the Humber,http://data.ordnancesurvey.co.uk/id/7000000000041430,England,http://data.ordnancesurvey.co.uk/id/country/england,,,
osgb4000000074596194,http://data.ordnancesurvey.co.uk/id/4000000074596194,Nidderdale,,,,landform,Valley,411502,471330,83000,800000,406792,465524,416211,478266,HG3,http://data.ordnancesurvey.co.uk/id/postcodedistrict/HG3,,,,,,,North Yorkshire,http://data.ordnancesurvey.co.uk/id/7000000000183627,http://data.ordnancesurvey.co.uk/ontology/admingeo/UnitaryAuthority,Yorkshire and the Humber,http://data.ordnancesurvey.co.uk/id/7000000000041430,England,http://data.ordnancesurvey.co.uk/id/country/england,,,
osgb4000000074670300,http://data.ordnancesurvey.co.uk/id/4000000074670300,Quarry Gill Wood,,,,landcover,Woodland Or Forest,419946,479849,5000,400000,419579,479722,420312,480298,HG4,http://data.ordnancesurvey.co.uk/id/postcodedistrict/HG4,,,,,,,North Yorkshire,http://data.ordnancesurvey.co.uk/id/7000000000183627,http://data.ordnancesurvey.co.uk/ontology/admingeo/UnitaryAuthority,Yorkshire and the Humber,http://data.ordnancesurvey.co.uk/id/7000000000041430,England,http://data.ordnancesurvey.co.uk/id/country/england,,,
osgb4000000074818037,http://data.ordnancesurvey.co.uk/id/4000000074818037,High Bishopside,,,,landcover,Other Landcover,415756,468200,29000,800000,414960,465529,416552,470052,HG3,http://data.ordnancesurvey.co.uk/id/postcodedistrict/HG3,,,,,,,North Yorkshire,http://data.ordnancesurvey.co.uk/id/7000000000183627,http://data.ordnancesurvey.co.uk/ontology/admingeo/UnitaryAuthority,Yorkshire and the Humber,http://data.ordnancesurvey.co.uk/id/7000000000041430,England,http://data.ordnancesurvey.co.uk/id/country/england,,,
osgb4000000074624055,http://data.ordnancesurvey.co.uk/id/4000000074624055,Heber Plantation,,,,landcover,Woodland Or Forest,403387,460375,2000,400000,403139,460125,403639,460625,BD23,http://data.ordnancesurvey.co.uk/id/postcodedistrict/BD23,,,,,,,North Yorkshire,http://data.ordnancesurvey.co.uk/id/7000000000183627,http://data.ordnancesurvey.co.uk/ontology/admingeo/UnitaryAuthority,Yorkshire and the Humber,http://data.ordnancesurvey.co.uk/id/7000000000041430,England,http://data.ordnancesurvey.co.uk/id/country/england,,,
osgb4000000074729621,http://data.ordnancesurvey.co.uk/id/4000000074729621,Thorny Grane Moor,,,,landcover,Other Landcover,409779,479225,17000,1300000,408638,478520,411265,479931,HG3,http://data.ordnancesurvey.co.uk/id/postcodedistrict/HG3,,,,,,,North Yorkshire,http://data.ordnancesurvey.co.uk/id/7000000000183627,http://data.ordnancesurvey.co.uk/ontology/admingeo/UnitaryAuthority,Yorkshire and the Humber,http://data.ordnancesurvey.co.uk/id/7000000000041430,England,http://data.ordnancesurvey.co.uk/id/country/england,,,
osgb4000000074729611,http://data.ordnancesurvey.co.uk/id/4000000074729611,Caygill Moss,,,,landcover,Other Landcover,409259,465365,5000,1300000,409009,465000,409509,465698,HG3,http://data.ordnancesurvey.co.uk/id/postcodedistrict/HG3,,,,,,,North Yorkshire,http://data.ordnancesurvey.co.uk/id/7000000000183627,http://data.ordnancesurvey.co.uk/ontology/admingeo/UnitaryAuthority,Yorkshire and the Humber,http://data.ordnancesurvey.co.uk/id/7000000000041430,England,http://data.ordnancesurvey.co.uk/id/country/england,,,
osgb4000000074783793,http://data.ordnancesurvey.co.uk/id/4000000074783793,Mackerel Hill,,,,landform,Hill Or Mountain,411036,466699,1000,300000,410786,466449,411286,466949,HG3,http://data.ordnancesurvey.co.uk/id/postcodedistrict/HG3,,,,,,,North Yorkshire,http://data.ordnancesurvey.co.uk/id/7000000000183627,http://data.ordnancesurvey.co.uk/ontology/admingeo/UnitaryAuthority,Yorkshire and the Humber,http://data.ordnancesurvey.co.uk/id/7000000000041430,England,http://data.ordnancesurvey.co.uk/id/country/england,,,
osgb4000000074730083,http://data.ordnancesurvey.co.uk/id/4000000074730083,Hebdenhigh Moor,,,,landcover,Other Landcover,405022,467734,10000,1300000,404213,467094,405703,468375,BD23,http://data.ordnancesurvey.co.uk/id/postcodedistrict/BD23,,,,,,,North Yorkshire,http://data.ordnancesurvey.co.uk/id/7000000000183627,http://data.ordnancesurvey.co.uk/ontology/admingeo/UnitaryAuthority,Yorkshire and the Humber,http://data.ordnancesurvey.co.uk/id/7000000000041430,England,http://data.ordnancesurvey.co.uk/id/country/england,,,
osgb4000000074794140,http://data.ordnancesurvey.co.uk/id/4000000074794140,Foul Hole,,,,hydrography,Inland Water,414158,468267,1000,35000,413903,468017,414403,468517,HG3,http://data.ordnancesurvey.co.uk/id/postcodedistrict/HG3,,,,,,,North Yorkshire,http://data.ordnancesurvey.co.uk/id/7000000000183627,http://data.ordnancesurvey.co.uk/ontology/admingeo/UnitaryAuthority,Yorkshire and the Humber,http://data.ordnancesurvey.co.uk/id/7000000000041430,England,http://data.ordnancesurvey.co.uk/id/country/england,,,
osgb4000000074783258,http://data.ordnancesurvey.co.uk/id/4000000074783258,Madge Hill,,,,landform,Hill Or Mountain,418188,466077,1000,300000,417938,465827,418438,466327,HG3,http://data.ordnancesurvey.co.uk/id/postcodedistrict/HG3,,,,,,,North Yorkshire,http://data.ordnancesurvey.co.uk/id/7000000000183627,http://data.ordnancesurvey.co.uk/ontology/admingeo/UnitaryAuthority,Yorkshire and the Humber,http://data.ordnancesurvey.co.uk/id/7000000000041430,England,http://data.ordnancesurvey.co.uk/id/country/england,,,
osgb4000000074809403,http://data.ordnancesurvey.co.uk/id/4000000074809403,Guisecliff Tarn,,,,hydrography,Inland Water,416746,463543,1000,500000,416500,463293,417000,463793,HG3,http://data.ordnancesurvey.co.uk/id/postcodedistrict/HG3,,,,,,,North Yorkshire,http://data.ordnancesurvey.co.uk/id/7000000000183627,http://data.ordnancesurvey.co.uk/ontology/admingeo/UnitaryAuthority,Yorkshire and the Humber,http://data.ordnancesurvey.co.uk/id/7000000000041430,England,http://data.ordnancesurvey.co.uk/id/country/england,,,
osgb4000000074666968,http://data.ordnancesurvey.co.uk/id/4000000074666968,Heaton Wood,,,,landcover,Woodland Or Forest,413900,467119,3000,400000,413605,466870,414105,467370,HG3,http://data.ordnancesurvey.co.uk/id/postcodedistrict/HG3,,,,,,,North Yorkshire,http://data.ordnancesurvey.co.uk/id/7000000000183627,http://data.ordnancesurvey.co.uk/ontology/admingeo/UnitaryAuthority,Yorkshire and the Humber,http://data.ordnancesurvey.co.uk/id/7000000000041430,England,http://data.ordnancesurvey.co.uk/id/country/england,,,
osgb4000000074729840,http://data.ordnancesurvey.co.uk/id/4000000074729840,Burn Gill Head Moss,,,,landcover,Other Landcover,408416,468076,5000,1300000,408031,467667,408801,468452,HG3,http://data.ordnancesurvey.co.uk/id/postcodedistrict/HG3,,,,,,,North Yorkshire,http://data.ordnancesurvey.co.uk/id/7000000000183627,http://data.ordnancesurvey.co.uk/ontology/admingeo/UnitaryAuthority,Yorkshire and the Humber,http://data.ordnancesurvey.co.uk/id/7000000000041430,England,http://data.ordnancesurvey.co.uk/id/country/england,,,
osgb4000000074670280,http://data.ordnancesurvey.co.uk/id/4000000074670280,Cross Lane Plantation,,,,landcover,Woodland Or Forest,409062,474683,1000,400000,408793,474434,409293,474934,HG3,http://data.ordnancesurvey.co.uk/id/postcodedistrict/HG3,,,,,,,North Yorkshire,http://data.ordnancesurvey.co.uk/id/7000000000183627,http://data.ordnancesurvey.co.uk/ontology/admingeo/UnitaryAuthority,Yorkshire and the Humber,http://data.ordnancesurvey.co.uk/id/7000000000041430,England,http://data.ordnancesurvey.co.uk/id/country/england,,,
osgb4000000074730490,http://data.ordnancesurvey.co.uk/id/4000000074730490,Bewerley Moor,,,,landcover,Other Landcover,411723,464663,17000,1300000,410370,463836,413050,465490,HG3,http://data.ordnancesurvey.co.uk/id/postcodedistrict/HG3,,,,,,,North Yorkshire,http://data.ordnancesurvey.co.uk/id/7000000000183627,http://data.ordnancesurvey.co.uk/ontology/admingeo/UnitaryAuthority,Yorkshire and the Humber,http://data.ordnancesurvey.co.uk/id/7000000000041430,England,http://data.ordnancesurvey.co.uk/id/country/england,,,
osgb4000000074794141,http://data.ordnancesurvey.co.uk/id/4000000074794141,Paddles Bog,,,,landcover,Wetland,416985,470224,2000,15000,416745,469974,417245,470474,HG4,http://data.ordnancesurvey.co.uk/id/postcodedistrict/HG4,,,,,,,North Yorkshire,http://data.ordnancesurvey.co.uk/id/7000000000183627,http://data.ordnancesurvey.co.uk/ontology/admingeo/UnitaryAuthority,Yorkshire and the Humber,http://data.ordnancesurvey.co.uk/id/7000000000041430,England,http://data.ordnancesurvey.co.uk/id/country/england,,,
osgb4000000074730498,http://data.ordnancesurvey.co.uk/id/4000000074730498,Low West Moor,,,,landcover,Other Landcover,404848,473804,12000,1300000,403985,473428,405808,474179,HG3,http://data.ordnancesurvey.co.uk/id/postcodedistrict/HG3,,,,,,,North Yorkshire,http://data.ordnancesurvey.co.uk/id/7000000000183627,http://data.ordnancesurvey.co.uk/ontology/admingeo/UnitaryAuthority,Yorkshire and the Humber,http://data.ordnancesurvey.co.uk/id/7000000000041430,England,http://data.ordnancesurvey.co.uk/id/country/england,,,
osgb4000000074814658,http://data.ordnancesurvey.co.uk/id/4000000074814658,Agill Dam,,,,hydrography,Inland Water,414265,476523,1000,500000,413997,476273,414497,476773,HG4,http://data.ordnancesurvey.co.uk/id/postcodedistrict/HG4,,,,,,,North Yorkshire,http://data.ordnancesurvey.co.uk/id/7000000000183627,http://data.ordnancesurvey.co.uk/ontology/admingeo/UnitaryAuthority,Yorkshire and the Humber,http://data.ordnancesurvey.co.uk/id/7000000000041430,England,http://data.ordnancesurvey.co.uk/id/country/england,,,
osgb4000000074783631,http://data.ordnancesurvey.co.uk/id/4000000074783631,Green Hill,,,,landform,Hill Or Mountain,401691,467827,1000,300000,401441,467577,401941,468077,BD23,http://data.ordnancesurvey.co.uk/id/postcodedistrict/BD23,,,,,,,North Yorkshire,http://data.ordnancesurvey.co.uk/id/7000000000183627,http://data.ordnancesurvey.co.uk/ontology/admingeo/UnitaryAuthority,Yorkshire and the Humber,http://data.ordnancesurvey.co.uk/id/7000000000041430,England,http://data.ordnancesurvey.co.uk/id/country/england,,,
osgb4000000074624111,http://data.ordnancesurvey.co.uk/id/4000000074624111,Scar Plantation,,,,landcover,Woodland Or Forest,406961,477061,4000,400000,406659,476811,407276,477311,HG3,http://data.ordnancesurvey.co.uk/id/postcodedistrict/HG3,,,,,,,North Yorkshire,http://data.ordnancesurvey.co.uk/id/7000000000183627,http://data.ordnancesurvey.co.uk/ontology/admingeo/UnitaryAuthority,Yorkshire and the Humber,http://data.ordnancesurvey.co.uk/id/7000000000041430,England,http://data.ordnancesurvey.co.uk/id/country/england,,,
osgb4000000074730692,http://data.ordnancesurvey.co.uk/id/4000000074730692,Jordan Moss,,,,landcover,Other Landcover,416025,470729,5000,1300000,415699,470479,416446,470979,HG4,http://data.ordnancesurvey.co.uk/id/postcodedistrict/HG4,,,,,,,North Yorkshire,http://data.ordnancesurvey.co.uk/id/7000000000183627,http://data.ordnancesurvey.co.uk/ontology/admingeo/UnitaryAuthority,Yorkshire and the Humber,http://data.ordnancesurvey.co.uk/id/7000000000041430,England,http://data.ordnancesurvey.co.uk/id/country/england,,,
osgb4000000074730075,http://data.ordnancesurvey.co.uk/id/4000000074730075,Bishop's Moor,,,,landcover,Other Landcover,417239,468525,17000,1300000,415760,467564,418334,469486,HG3,http://data.ordnancesurvey.co.uk/id/postcodedistrict/HG3,,,,,,,North Yorkshire,http://data.ordnancesurvey.co.uk/id/7000000000183627,http://data.ordnancesurvey.co.uk/ontology/admingeo/UnitaryAuthority,Yorkshire and the Humber,http://data.ordnancesurvey.co.uk/id/7000000000041430,England,http://data.ordnancesurvey.co.uk/id/country/england,,,
osgb4000000074813076,http://data.ordnancesurvey.co.uk/id/4000000074813076,Gill Allotment,,,,landcover,Other Landcover,405831,466034,10000,1300000,405365,465303,406296,466836,BD23,http://data.ordnancesurvey.co.uk/id/postcodedistrict/BD23,,,,,,,North Yorkshire,http://data.ordnancesurvey.co.uk/id/7000000000183627,http://data.ordnancesurvey.co.uk/ontology/admingeo/UnitaryAuthority,Yorkshire and the Humber,http://data.ordnancesurvey.co.uk/id/7000000000041430,England,http://data.ordnancesurvey.co.uk/id/country/england,,,
osgb4000000074818672,http://data.ordnancesurvey.co.uk/id/4000000074818672,Mill Dam,,,,hydrography,Inland Water,414314,466327,1000,35000,414067,466078,414567,466578,HG3,http://data.ordnancesurvey.co.uk/id/postcodedistrict/HG3,,,,,,,North Yorkshire,http://data.ordnancesurvey.co.uk/id/7000000000183627,http://data.ordnancesurvey.co.uk/ontology/admingeo/UnitaryAuthority,Yorkshire and the Humber,http://data.ordnancesurvey.co.uk/id/7000000000041430,England,http://data.ordnancesurvey.co.uk/id/country/england,,,
osgb4000000074729680,http://data.ordnancesurvey.co.uk/id/4000000074729680,Merryfield Plantation,,,,landcover,Other Landcover,411961,466224,3000,800000,411541,465974,412073,466474,HG3,http://data.ordnancesurvey.co.uk/id/postcodedistrict/HG3,,,,,,,North Yorkshire,http://data.ordnancesurvey.co.uk/id/7000000000183627,http://data.ordnancesurvey.co.uk/ontology/admingeo/UnitaryAuthority,Yorkshire and the Humber,http://data.ordnancesurvey.co.uk/id/7000000000041430,England,http://data.ordnancesurvey.co.uk/id/country/england,,,
osgb4000000074619573,http://data.ordnancesurvey.co.uk/id/4000000074619573,Spring Wood,,,,landcover,Woodland Or Forest,418841,462630,1000,400000,418591,462370,419091,462870,HG3,http://data.ordnancesurvey.co.uk/id/postcodedistrict/HG3,,,,,,,North Yorkshire,http://data.ordnancesurvey.co.uk/id/7000000000183627,http://data.ordnancesurvey.co.uk/ontology/admingeo/UnitaryAuthority,Yorkshire and the Humber,http://data.ordnancesurvey.co.uk/id/7000000000041430,England,http://data.ordnancesurvey.co.uk/id/country/england,,,
osgb4000000074816493,http://data.ordnancesurvey.co.uk/id/4000000074816493,Black Hill,,,,landform,Hill Or Mountain,402313,468913,1000,300000,402063,468663,402563,469163,BD23,http://data.ordnancesurvey.co.uk/id/postcodedistrict/BD23,,,,,,,North Yorkshire,http://data.ordnancesurvey.co.uk/id/7000000000183627,http://data.ordnancesurvey.co.uk/ontology/admingeo/UnitaryAuthority,Yorkshire and the Humber,http://data.ordnancesurvey.co.uk/id/7000000000041430,England,http://data.ordnancesurvey.co.uk/id/country/england,,,
osgb4000000074666560,http://data.ordnancesurvey.co.uk/id/4000000074666560,Red Brae Wood,,,,landcover,Woodland Or Forest,414533,464978,3000,400000,414283,464728,414783,465228,HG3,http://data.ordnancesurvey.co.uk/id/postcodedistrict/HG3,,,,,,,North Yorkshire,http://data.ordnancesurvey.co.uk/id/7000000000183627,http://data.ordnancesurvey.co.uk/ontology/admingeo/UnitaryAuthority,Yorkshire and the Humber,http://data.ordnancesurvey.co.uk/id/7000000000041430,England,http://data.ordnancesurvey.co.uk/id/country/england,,,
osgb4000000074783787,http://data.ordnancesurvey.co.uk/id/4000000074783787,Grainings Hill,,,,landform,Hill Or Mountain,402870,468773,1000,300000,402620,468523,403120,469023,BD23,http://data.ordnancesurvey.co.uk/id/postcodedistrict/BD23,,,,,,,North Yorkshire,http://data.ordnancesurvey.co.uk/id/7000000000183627,http://data.ordnancesurvey.co.uk/ontology/admingeo/UnitaryAuthority,Yorkshire and the Humber,http://data.ordnancesurvey.co.uk/id/7000000000041430,England,http://data.ordnancesurvey.co.uk/id/country/england,,,
osgb4000000074666557,http://data.ordnancesurvey.co.uk/id/4000000074666557,Steel Wood,,,,landcover,Woodland Or Forest,414847,464178,3000,400000,414515,463929,415046,464429,HG3,http://data.ordnancesurvey.co.uk/id/postcodedistrict/HG3,,,,,,,North Yorkshire,http://data.ordnancesurvey.co.uk/id/7000000000183627,http://data.ordnancesurvey.co.uk/ontology/admingeo/UnitaryAuthority,Yorkshire and the Humber,http://data.ordnancesurvey.co.uk/id/7000000000041430,England,http://data.ordnancesurvey.co.uk/id/country/england,,,
osgb4000000074729780,http://data.ordnancesurvey.co.uk/id/4000000074729780,Low Pasture,,,,landcover,Other Landcover,403256,479504,6000,1300000,402851,479142,403744,479866,DL8,http://data.ordnancesurvey.co.uk/id/postcodedistrict/DL8,,,,,,,North Yorkshire,http://data.ordnancesurvey.co.uk/id/7000000000183627,http://data.ordnancesurvey.co.uk/ontology/admingeo/UnitaryAuthority,Yorkshire and the Humber,http://data.ordnancesurvey.co.uk/id/7000000000041430,England,http://data.ordnancesurvey.co.uk/id/country/england,,,
osgb4000000074729683,http://data.ordnancesurvey.co.uk/id/4000000074729683,Rabbit Warren,,,,landcover,Other Landcover,412282,468510,3000,1300000,412031,468261,412531,468761,HG3,http://data.ordnancesurvey.co.uk/id/postcodedistrict/HG3,,,,,,,North Yorkshire,http://data.ordnancesurvey.co.uk/id/7000000000183627,http://data.ordnancesurvey.co.uk/ontology/admingeo/UnitaryAuthority,Yorkshire and the Humber,http://data.ordnancesurvey.co.uk/id/7000000000041430,England,http://data.ordnancesurvey.co.uk/id/country/england,,,
osgb4000000074624060,http://data.ordnancesurvey.co.uk/id/4000000074624060,Birch Wood,,,,landcover,Woodland Or Forest,419978,462955,1000,400000,419729,462710,420229,463210,HG3,http://data.ordnancesurvey.co.uk/id/postcodedistrict/HG3,,,,,,,North Yorkshire,http://data.ordnancesurvey.co.uk/id/7000000000183627,http://data.ordnancesurvey.co.uk/ontology/admingeo/UnitaryAuthority,Yorkshire and the Humber,http://data.ordnancesurvey.co.uk/id/7000000000041430,England,http://data.ordnancesurvey.co.uk/id/country/england,,,
osgb4000000074601591,http://data.ordnancesurvey.co.uk/id/4000000074601591,Kettlestang Hill,,,,landform,Hill Or Mountain,415731,471257,1000,300000,415481,471007,415981,471507,HG4,http://data.ordnancesurvey.co.uk/id/postcodedistrict/HG4,,,,,,,North Yorkshire,http://data.ordnancesurvey.co.uk/id/7000000000183627,http://data.ordnancesurvey.co.uk/ontology/admingeo/UnitaryAuthority,Yorkshire and the Humber,http://data.ordnancesurvey.co.uk/id/7000000000041430,England,http://data.ordnancesurvey.co.uk/id/country/england,,,
osgb4000000074623998,http://data.ordnancesurvey.co.uk/id/4000000074623998,Peatman Sike Plantation,,,,landcover,Woodland Or Forest,413583,460151,3000,400000,413333,459766,413833,460288,HG3,http://data.ordnancesurvey.co.uk/id/postcodedistrict/HG3,,,,,,,North Yorkshire,http://data.ordnancesurvey.co.uk/id/7000000000183627,http://data.ordnancesurvey.co.uk/ontology/admingeo/UnitaryAuthority,Yorkshire and the Humber,http://data.ordnancesurvey.co.uk/id/7000000000041430,England,http://data.ordnancesurvey.co.uk/id/country/england,,,
osgb4000000074738760,http://data.ordnancesurvey.co.uk/id/4000000074738760,Lords Gill Shaw,,,,landcover,Other Landcover,402129,477819,7000,1300000,401669,477253,402590,478370,DL8,http://data.ordnancesurvey.co.uk/id/postcodedistrict/DL8,,,,,,,North Yorkshire,http://data.ordnancesurvey.co.uk/id/7000000000183627,http://data.ordnancesurvey.co.uk/ontology/admingeo/UnitaryAuthority,Yorkshire and the Humber,http://data.ordnancesurvey.co.uk/id/7000000000041430,England,http://data.ordnancesurvey.co.uk/id/country/england,,,
osgb4000000074809409,http://data.ordnancesurvey.co.uk/id/4000000074809409,Priest's Tarn,,,,hydrography,Inland Water,402722,469500,1000,500000,402510,469251,403010,469751,BD23,http://data.ordnancesurvey.co.uk/id/postcodedistrict/BD23,,,,,,,North Yorkshire,http://data.ordnancesurvey.co.uk/id/7000000000183627,http://data.ordnancesurvey.co.uk/ontology/admingeo/UnitaryAuthority,Yorkshire and the Humber,http://data.ordnancesurvey.co.uk/id/7000000000041430,England,http://data.ordnancesurvey.co.uk/id/country/england,,,
osgb4000000074621583,http://data.ordnancesurvey.co.uk/id/4000000074621583,Spring Wood,,,,landcover,Woodland Or Forest,417426,463827,1000,400000,417176,463567,417676,464067,HG3,http://data.ordnancesurvey.co.uk/id/postcodedistrict/HG3,,,,,,,North Yorkshire,http://data.ordnancesurvey.co.uk/id/7000000000183627,http://data.ordnancesurvey.co.uk/ontology/admingeo/UnitaryAuthority,Yorkshire and the Humber,http://data.ordnancesurvey.co.uk/id/7000000000041430,England,http://data.ordnancesurvey.co.uk/id/country/england,,,
osgb4000000074600061,http://data.ordnancesurvey.co.uk/id/4000000074600061,Dead Man's Hill,,,,landform,Hill Or Mountain,405819,478295,1000,300000,405569,478045,406069,478545,HG3,http://data.ordnancesurvey.co.uk/id/postcodedistrict/HG3,,,,,,,North Yorkshire,http://data.ordnancesurvey.co.uk/id/7000000000183627,http://data.ordnancesurvey.co.uk/ontology/admingeo/UnitaryAuthority,Yorkshire and the Humber,http://data.ordnancesurvey.co.uk/id/7000000000041430,England,http://data.ordnancesurvey.co.uk/id/country/england,,,
osgb4000000074783789,http://data.ordnancesurvey.co.uk/id/4000000074783789,Ragstaff Hill,,,,landform,Hill Or Mountain,404463,469195,1000,300000,404213,468945,404713,469445,BD23,http://data.ordnancesurvey.co.uk/id/postcodedistrict/BD23,,,,,,,North Yorkshire,http://data.ordnancesurvey.co.uk/id/7000000000183627,http://data.ordnancesurvey.co.uk/ontology/admingeo/UnitaryAuthority,Yorkshire and the Humber,http://data.ordnancesurvey.co.uk/id/7000000000041430,England,http://data.ordnancesurvey.co.uk/id/country/england,,,
osgb4000000074772339,http://data.ordnancesurvey.co.uk/id/4000000074772339,Stickhaw Hill,,,,landform,Hill Or Mountain,400494,462944,1000,300000,400244,462694,400744,463194,BD23,http://data.ordnancesurvey.co.uk/id/postcodedistrict/BD23,,,,,,,North Yorkshire,http://data.ordnancesurvey.co.uk/id/7000000000183627,http://data.ordnancesurvey.co.uk/ontology/admingeo/UnitaryAuthority,Yorkshire and the Humber,http://data.ordnancesurvey.co.uk/id/7000000000041430,England,http://data.ordnancesurvey.co.uk/id/country/england,,,
osgb4000000074730388,http://data.ordnancesurvey.co.uk/id/4000000074730388,Sigsworth Moor,,,,landcover,Other Landcover,414958,470580,18000,1300000,414083,469119,415833,471943,HG3,http://data.ordnancesurvey.co.uk/id/postcodedistrict/HG3,,,,,,,North Yorkshire,http://data.ordnancesurvey.co.uk/id/7000000000183627,http://data.ordnancesurvey.co.uk/ontology/admingeo/UnitaryAuthority,Yorkshire and the Humber,http://data.ordnancesurvey.co.uk/id/7000000000041430,England,http://data.ordnancesurvey.co.uk/id/country/england,,,
osgb4000000074669040,http://data.ordnancesurvey.co.uk/id/4000000074669040,Skulberts Wood,,,,landcover,Woodland Or Forest,401826,461821,1000,400000,401577,461564,402077,462064,BD23,http://data.ordnancesurvey.co.uk/id/postcodedistrict/BD23,,,,,,,North Yorkshire,http://data.ordnancesurvey.co.uk/id/7000000000183627,http://data.ordnancesurvey.co.uk/ontology/admingeo/UnitaryAuthority,Yorkshire and the Humber,http://data.ordnancesurvey.co.uk/id/7000000000041430,England,http://data.ordnancesurvey.co.uk/id/country/england,,,
osgb4000000074730285,http://data.ordnancesurvey.co.uk/id/4000000074730285,Stock Beck Moor,,,,landcover,Other Landcover,418596,474627,13000,1300000,417790,474000,419735,475255,HG4,http://data.ordnancesurvey.co.uk/id/postcodedistrict/HG4,,,,,,,North Yorkshire,http://data.ordnancesurvey.co.uk/id/7000000000183627,http://data.ordnancesurvey.co.uk/ontology/admingeo/UnitaryAuthority,Yorkshire and the Humber,http://data.ordnancesurvey.co.uk/id/7000000000041430,England,http://data.ordnancesurvey.co.uk/id/country/england,,,
osgb4000000074783254,http://data.ordnancesurvey.co.uk/id/4000000074783254,Kimpergill Hill,,,,landform,Hill Or Mountain,400472,464989,1000,300000,400222,464739,400722,465239,BD23,http://data.ordnancesurvey.co.uk/id/postcodedistrict/BD23,,,,,,,North Yorkshire,http://data.ordnancesurvey.co.uk/id/7000000000183627,http://data.ordnancesurvey.co.uk/ontology/admingeo/UnitaryAuthority,Yorkshire and the Humber,http://data.ordnancesurvey.co.uk/id/7000000000041430,England,http://data.ordnancesurvey.co.uk/id/country/england,,,
osgb4000000074783673,http://data.ordnancesurvey.co.uk/id/4000000074783673,Priest's Tarn Hill,,,,landform,Hill Or Mountain,402724,469388,1000,300000,402474,469138,402974,469638,BD23,http://data.ordnancesurvey.co.uk/id/postcodedistrict/BD23,,,,,,,North Yorkshire,http://data.ordnancesurvey.co.uk/id/7000000000183627,http://data.ordnancesurvey.co.uk/ontology/admingeo/UnitaryAuthority,Yorkshire and the Humber,http://data.ordnancesurvey.co.uk/id/7000000000041430,England,http://data.ordnancesurvey.co.uk/id/country/england,,,
osgb4000000074666969,http://data.ordnancesurvey.co.uk/id/4000000074666969,Peggy Wood,,,,landcover,Woodland Or Forest,414299,467099,2000,400000,414049,466832,414549,467332,HG3,http://data.ordnancesurvey.co.uk/id/postcodedistrict/HG3,,,,,,,North Yorkshire,http://data.ordnancesurvey.co.uk/id/7000000000183627,http://data.ordnancesurvey.co.uk/ontology/admingeo/UnitaryAuthority,Yorkshire and the Humber,http://data.ordnancesurvey.co.uk/id/7000000000041430,England,http://data.ordnancesurvey.co.uk/id/country/england,,,
osgb4000000074665735,http://data.ordnancesurvey.co.uk/id/4000000074665735,Parker Wood,,,,landcover,Woodland Or Forest,419951,463418,2000,400000,419701,463211,420201,463711,HG3,http://data.ordnancesurvey.co.uk/id/postcodedistrict/HG3,,,,,,,North Yorkshire,http://data.ordnancesurvey.co.uk/id/7000000000183627,http://data.ordnancesurvey.co.uk/ontology/admingeo/UnitaryAuthority,Yorkshire and the Humber,http://data.ordnancesurvey.co.uk/id/7000000000041430,England,http://data.ordnancesurvey.co.uk/id/country/england,,,
osgb4000000074730173,http://data.ordnancesurvey.co.uk/id/4000000074730173,Peg Pasture,,,,landcover,Other Landcover,419947,471275,2000,1300000,419697,471026,420197,471526,HG4,http://data.ordnancesurvey.co.uk/id/postcodedistrict/HG4,,,,,,,North Yorkshire,http://data.ordnancesurvey.co.uk/id/7000000000183627,http://data.ordnancesurvey.co.uk/ontology/admingeo/UnitaryAuthority,Yorkshire and the Humber,http://data.ordnancesurvey.co.uk/id/7000000000041430,England,http://data.ordnancesurvey.co.uk/id/country/england,,,
osgb4000000074813891,http://data.ordnancesurvey.co.uk/id/4000000074813891,Wig Stones Allotment,,,,landcover,Other Landcover,408043,466620,13000,1300000,407049,465469,409038,467460,BD23,http://data.ordnancesurvey.co.uk/id/postcodedistrict/BD23,,,,,,,North Yorkshire,http://data.ordnancesurvey.co.uk/id/7000000000183627,http://data.ordnancesurvey.co.uk/ontology/admingeo/UnitaryAuthority,Yorkshire and the Humber,http://data.ordnancesurvey.co.uk/id/7000000000041430,England,http://data.ordnancesurvey.co.uk/id/country/england,,,
osgb4000000074669039,http://data.ordnancesurvey.co.uk/id/4000000074669039,High Banks Plantation,,,,landcover,Woodland Or Forest,402651,462138,2000,400000,402402,461846,402902,462346,BD23,http://data.ordnancesurvey.co.uk/id/postcodedistrict/BD23,,,,,,,North Yorkshire,http://data.ordnancesurvey.co.uk/id/7000000000183627,http://data.ordnancesurvey.co.uk/ontology/admingeo/UnitaryAuthority,Yorkshire and the Humber,http://data.ordnancesurvey.co.uk/id/7000000000041430,England,http://data.ordnancesurvey.co.uk/id/country/england,,,
osgb4000000074738247,http://data.ordnancesurvey.co.uk/id/4000000074738247,Kirkby Malzeard Moor,,,,landcover,Other Landcover,418403,474277,57000,1300000,413980,472474,422778,476080,HG4,http://data.ordnancesurvey.co.uk/id/postcodedistrict/HG4,,,,,,,North Yorkshire,http://data.ordnancesurvey.co.uk/id/7000000000183627,http://data.ordnancesurvey.co.uk/ontology/admingeo/UnitaryAuthority,Yorkshire and the Humber,http://data.ordnancesurvey.co.uk/id/7000000000041430,England,http://data.ordnancesurvey.co.uk/id/country/england,,,
osgb4000000074602007,http://data.ordnancesurvey.co.uk/id/4000000074602007,Sandy Hill,,,,landform,Hill Or Mountain,416518,475512,1000,300000,416268,475262,416768,475762,HG4,http://data.ordnancesurvey.co.uk/id/postcodedistrict/HG4,,,,,,,North Yorkshire,http://data.ordnancesurvey.co.uk/id/7000000000183627,http://data.ordnancesurvey.co.uk/ontology/admingeo/UnitaryAuthority,Yorkshire and the Humber,http://data.ordnancesurvey.co.uk/id/7000000000041430,England,http://data.ordnancesurvey.co.uk/id/country/england,,,
osgb4000000074729766,http://data.ordnancesurvey.co.uk/id/4000000074729766,Cranberry Moss,,,,landcover,Other Landcover,409192,466431,5000,1300000,408818,466018,409617,466844,HG3,http://data.ordnancesurvey.co.uk/id/postcodedistrict/HG3,,,,,,,North Yorkshire,http://data.ordnancesurvey.co.uk/id/7000000000183627,http://data.ordnancesurvey.co.uk/ontology/admingeo/UnitaryAuthority,Yorkshire and the Humber,http://data.ordnancesurvey.co.uk/id/7000000000041430,England,http://data.ordnancesurvey.co.uk/id/country/england,,,
osgb4000000074738371,http://data.ordnancesurvey.co.uk/id/4000000074738371,Back Pasture,,,,landcover,Other Landcover,400571,467197,4000,800000,400321,466868,400821,467445,BD23,http://data.ordnancesurvey.co.uk/id/postcodedistrict/BD23,,,,,,,North Yorkshire,http://data.ordnancesurvey.co.uk/id/7000000000183627,http://data.ordnancesurvey.co.uk/ontology/admingeo/UnitaryAuthority,Yorkshire and the Humber,http://data.ordnancesurvey.co.uk/id/7000000000041430,England,http://data.ordnancesurvey.co.uk/id/country/england,,,
osgb4000000074602010,http://data.ordnancesurvey.co.uk/id/4000000074602010,Brown Hill,,,,landform,Hill Or Mountain,407976,470450,1000,300000,407726,470200,408226,470700,HG3,http://data.ordnancesurvey.co.uk/id/postcodedistrict/HG3,,,,,,,North Yorkshire,http://data.ordnancesurvey.co.uk/id/7000000000183627,http://data.ordnancesurvey.co.uk/ontology/admingeo/UnitaryAuthority,Yorkshire and the Humber,http://data.ordnancesurvey.co.uk/id/7000000000041430,England,http://data.ordnancesurvey.co.uk/id/country/england,,,
osgb4000000074669866,http://data.ordnancesurvey.co.uk/id/4000000074669866,Mill Mires Plantation,,,,landcover,Woodland Or Forest,401134,462884,1000,400000,400896,462634,401396,463134,BD23,http://data.ordnancesurvey.co.uk/id/postcodedistrict/BD23,,,,,,,North Yorkshire,http://data.ordnancesurvey.co.uk/id/7000000000183627,http://data.ordnancesurvey.co.uk/ontology/admingeo/UnitaryAuthority,Yorkshire and the Humber,http://data.ordnancesurvey.co.uk/id/7000000000041430,England,http://data.ordnancesurvey.co.uk/id/country/england,,,
osgb4000000074730696,http://data.ordnancesurvey.co.uk/id/4000000074730696,New Houses Moss,,,,landcover,Other Landcover,408679,476382,7000,1300000,408051,476066,409130,476698,HG3,http://data.ordnancesurvey.co.uk/id/postcodedistrict/HG3,,,,,,,North Yorkshire,http://data.ordnancesurvey.co.uk/id/7000000000183627,http://data.ordnancesurvey.co.uk/ontology/admingeo/UnitaryAuthority,Yorkshire and the Humber,http://data.ordnancesurvey.co.uk/id/7000000000041430,England,http://data.ordnancesurvey.co.uk/id/country/england,,,
osgb4000000074818010,http://data.ordnancesurvey.co.uk/id/4000000074818010,Aygill Pike,,,,landcover,Other Landcover,405111,473748,1000,1300000,404861,473498,405361,473998,HG3,http://data.ordnancesurvey.co.uk/id/postcodedistrict/HG3,,,,,,,North Yorkshire,http://data.ordnancesurvey.co.uk/id/7000000000183627,http://data.ordnancesurvey.co.uk/ontology/admingeo/UnitaryAuthority,Yorkshire and the Humber,http://data.ordnancesurvey.co.uk/id/7000000000041430,England,http://data.ordnancesurvey.co.uk/id/country/england,,,
osgb4000000074783858,http://data.ordnancesurvey.co.uk/id/4000000074783858,Pinnacle Hill,,,,landform,Hill Or Mountain,411687,465974,1000,300000,411437,465724,411937,466224,HG3,http://data.ordnancesurvey.co.uk/id/postcodedistrict/HG3,,,,,,,North Yorkshire,http://data.ordnancesurvey.co.uk/id/7000000000183627,http://data.ordnancesurvey.co.uk/ontology/admingeo/UnitaryAuthority,Yorkshire and the Humber,http://data.ordnancesurvey.co.uk/id/7000000000041430,England,http://data.ordnancesurvey.co.uk/id/country/england,,,
osgb4000000074602009,http://data.ordnancesurvey.co.uk/id/4000000074602009,Clints Hill,,,,landform,Hill Or Mountain,416766,477767,1000,300000,416516,477517,417016,478017,HG4,http://data.ordnancesurvey.co.uk/id/postcodedistrict/HG4,,,,,,,North Yorkshire,http://data.ordnancesurvey.co.uk/id/7000000000183627,http://data.ordnancesurvey.co.uk/ontology/admingeo/UnitaryAuthority,Yorkshire and the Humber,http://data.ordnancesurvey.co.uk/id/7000000000041430,England,http://data.ordnancesurvey.co.uk/id/country/england,,,
osgb4000000074625493,http://data.ordnancesurvey.co.uk/id/4000000074625493,Pye Carr Wood,,,,landcover,Woodland Or Forest,419290,471374,3000,400000,419036,471124,419536,471624,HG4,http://data.ordnancesurvey.co.uk/id/postcodedistrict/HG4,,,,,,,North Yorkshire,http://data.ordnancesurvey.co.uk/id/7000000000183627,http://data.ordnancesurvey.co.uk/ontology/admingeo/UnitaryAuthority,Yorkshire and the Humber,http://data.ordnancesurvey.co.uk/id/7000000000041430,England,http://data.ordnancesurvey.co.uk/id/country/england,,,
osgb4000000074730502,http://data.ordnancesurvey.co.uk/id/4000000074730502,Pott Moor,,,,landcover,Other Landcover,411746,476004,18000,1300000,410738,474943,413540,477064,HG3,http://data.ordnancesurvey.co.uk/id/postcodedistrict/HG3,,,,,,,North Yorkshire,http://data.ordnancesurvey.co.uk/id/7000000000183627,http://data.ordnancesurvey.co.uk/ontology/admingeo/UnitaryAuthority,Yorkshire and the Humber,http://data.ordnancesurvey.co.uk/id/7000000000041430,England,http://data.ordnancesurvey.co.uk/id/country/england,,,
osgb4000000074670715,http://data.ordnancesurvey.co.uk/id/4000000074670715,Fall Plantation,,,,landcover,Woodland Or Forest,415720,479640,4000,400000,415470,479344,415970,479942,HG4,http://data.ordnancesurvey.co.uk/id/postcodedistrict/HG4,,,,,,,North Yorkshire,http://data.ordnancesurvey.co.uk/id/7000000000183627,http://data.ordnancesurvey.co.uk/ontology/admingeo/UnitaryAuthority,Yorkshire and the Humber,http://data.ordnancesurvey.co.uk/id/7000000000041430,England,http://data.ordnancesurvey.co.uk/id/country/england,,,
osgb4000000074625205,http://data.ordnancesurvey.co.uk/id/4000000074625205,Druid's Plantation,,,,landcover,Woodland Or Forest,417364,478686,5000,400000,416956,478360,417771,479081,HG4,http://data.ordnancesurvey.co.uk/id/postcodedistrict/HG4,,,,,,,North Yorkshire,http://data.ordnancesurvey.co.uk/id/7000000000183627,http://data.ordnancesurvey.co.uk/ontology/admingeo/UnitaryAuthority,Yorkshire and the Humber,http://data.ordnancesurvey.co.uk/id/7000000000041430,England,http://data.ordnancesurvey.co.uk/id/country/england,,,
osgb4000000074730693,http://data.ordnancesurvey.co.uk/id/4000000074730693,Lofthouse Moor,,,,landcover,Other Landcover,411317,475908,12000,1300000,410738,474966,411897,476847,HG3,http://data.ordnancesurvey.co.uk/id/postcodedistrict/HG3,,,,,,,North Yorkshire,http://data.ordnancesurvey.co.uk/id/7000000000183627,http://data.ordnancesurvey.co.uk/ontology/admingeo/UnitaryAuthority,Yorkshire and the Humber,http://data.ordnancesurvey.co.uk/id/7000000000041430,England,http://data.ordnancesurvey.co.uk/id/country/england,,,
osgb4000000074599922,http://data.ordnancesurvey.co.uk/id/4000000074599922,Rain Stang,,,,landform,Hill Or Mountain,408061,475774,1000,300000,407811,475524,408311,476024,HG3,http://data.ordnancesurvey.co.uk/id/postcodedistrict/HG3,,,,,,,North Yorkshire,http://data.ordnancesurvey.co.uk/id/7000000000183627,http://data.ordnancesurvey.co.uk/ontology/admingeo/UnitaryAuthority,Yorkshire and the Humber,http://data.ordnancesurvey.co.uk/id/7000000000041430,England,http://data.ordnancesurvey.co.uk/id/country/england,,,
osgb4000000074601590,http://data.ordnancesurvey.co.uk/id/4000000074601590,High Hill,,,,landform,Hill Or Mountain,415988,469994,1000,300000,415738,469744,416238,470244,HG3,http://data.ordnancesurvey.co.uk/id/postcodedistrict/HG3,,,,,,,North Yorkshire,http://data.ordnancesurvey.co.uk/id/7000000000183627,http://data.ordnancesurvey.co.uk/ontology/admingeo/UnitaryAuthority,Yorkshire and the Humber,http://data.ordnancesurvey.co.uk/id/7000000000041430,England,http://data.ordnancesurvey.co.uk/id/country/england,,,
osgb4000000074666556,http://data.ordnancesurvey.co.uk/id/4000000074666556,Skrikes Wood,,,,landcover,Woodland Or Forest,415379,464060,4000,400000,415089,463756,415755,464364,HG3,http://data.ordnancesurvey.co.uk/id/postcodedistrict/HG3,,,,,,,North Yorkshire,http://data.ordnancesurvey.co.uk/id/7000000000183627,http://data.ordnancesurvey.co.uk/ontology/admingeo/UnitaryAuthority,Yorkshire and the Humber,http://data.ordnancesurvey.co.uk/id/7000000000041430,England,http://data.ordnancesurvey.co.uk/id/country/england,,,
osgb4000000074783490,http://data.ordnancesurvey.co.uk/id/4000000074783490,Ann Simpson's Hill,,,,landform,Hill Or Mountain,405007,464313,1000,300000,404757,464063,405257,464563,BD23,http://data.ordnancesurvey.co.uk/id/postcodedistrict/BD23,,,,,,,North Yorkshire,http://data.ordnancesurvey.co.uk/id/7000000000183627,http://data.ordnancesurvey.co.uk/ontology/admingeo/UnitaryAuthority,Yorkshire and the Humber,http://data.ordnancesurvey.co.uk/id/7000000000041430,England,http://data.ordnancesurvey.co.uk/id/country/england,,,
osgb4000000074668620,http://data.ordnancesurvey.co.uk/id/4000000074668620,Springside Wood,,,,landcover,Woodland Or Forest,404596,461220,3000,400000,404432,460971,404968,461471,BD23,http://data.ordnancesurvey.co.uk/id/postcodedistrict/BD23,,,,,,,North Yorkshire,http://data.ordnancesurvey.co.uk/id/7000000000183627,http://data.ordnancesurvey.co.uk/ontology/admingeo/UnitaryAuthority,Yorkshire and the Humber,http://data.ordnancesurvey.co.uk/id/7000000000041430,England,http://data.ordnancesurvey.co.uk/id/country/england,,,
osgb4000000074625174,http://data.ordnancesurvey.co.uk/id/4000000074625174,Spring Wood,,,,landcover,Woodland Or Forest,414589,468196,3000,400000,414325,467846,414854,468346,HG3,http://data.ordnancesurvey.co.uk/id/postcodedistrict/HG3,,,,,,,North Yorkshire,http://data.ordnancesurvey.co.uk/id/7000000000183627,http://data.ordnancesurvey.co.uk/ontology/admingeo/UnitaryAuthority,Yorkshire and the Humber,http://data.ordnancesurvey.co.uk/id/7000000000041430,England,http://data.ordnancesurvey.co.uk/id/country/england,,,
osgb4000000074671532,http://data.ordnancesurvey.co.uk/id/4000000074671532,Ox Close Plantation,,,,landcover,Woodland Or Forest,415409,479353,7000,400000,414954,478936,415863,479936,HG4,http://data.ordnancesurvey.co.uk/id/postcodedistrict/HG4,,,,,,,North Yorkshire,http://data.ordnancesurvey.co.uk/id/7000000000183627,http://data.ordnancesurvey.co.uk/ontology/admingeo/UnitaryAuthority,Yorkshire and the Humber,http://data.ordnancesurvey.co.uk/id/7000000000041430,England,http://data.ordnancesurvey.co.uk/id/country/england,,,
osgb4000000074670304,http://data.ordnancesurvey.co.uk/id/4000000074670304,Edge Plantation,,,,landcover,Woodland Or Forest,409374,477388,1000,400000,409122,477139,409622,477639,HG3,http://data.ordnancesurvey.co.uk/id/postcodedistrict/HG3,,,,,,,North Yorkshire,http://data.ordnancesurvey.co.uk/id/7000000000183627,http://data.ordnancesurvey.co.uk/ontology/admingeo/UnitaryAuthority,Yorkshire and the Humber,http://data.ordnancesurvey.co.uk/id/7000000000041430,England,http://data.ordnancesurvey.co.uk/id/country/england,,,
osgb4000000074730397,http://data.ordnancesurvey.co.uk/id/4000000074730397,Sype Land,,,,landcover,Other Landcover,412692,473500,17000,800000,411444,472277,414119,474724,HG3,http://data.ordnancesurvey.co.uk/id/postcodedistrict/HG3,,,,,,,North Yorkshire,http://data.ordnancesurvey.co.uk/id/7000000000183627,http://data.ordnancesurvey.co.uk/ontology/admingeo/UnitaryAuthority,Yorkshire and the Humber,http://data.ordnancesurvey.co.uk/id/7000000000041430,England,http://data.ordnancesurvey.co.uk/id/country/england,,,
osgb4000000074625866,http://data.ordnancesurvey.co.uk/id/4000000074625866,Raygill House Plantation,,,,landcover,Woodland Or Forest,410904,470809,3000,400000,410669,470559,411184,471059,HG3,http://data.ordnancesurvey.co.uk/id/postcodedistrict/HG3,,,,,,,North Yorkshire,http://data.ordnancesurvey.co.uk/id/7000000000183627,http://data.ordnancesurvey.co.uk/ontology/admingeo/UnitaryAuthority,Yorkshire and the Humber,http://data.ordnancesurvey.co.uk/id/7000000000041430,England,http://data.ordnancesurvey.co.uk/id/country/england,,,
osgb4000000074593824,http://data.ordnancesurvey.co.uk/id/4000000074593824,North Moor,,,,landcover,Other Landcover,407282,478431,18000,1300000,405825,477481,408519,479382,HG3,http://data.ordnancesurvey.co.uk/id/postcodedistrict/HG3,,,,,,,North Yorkshire,http://data.ordnancesurvey.co.uk/id/7000000000183627,http://data.ordnancesurvey.co.uk/ontology/admingeo/UnitaryAuthority,Yorkshire and the Humber,http://data.ordnancesurvey.co.uk/id/7000000000041430,England,http://data.ordnancesurvey.co.uk/id/country/england,,,
osgb4000000074730174,http://data.ordnancesurvey.co.uk/id/4000000074730174,Stang Brae,,,,landcover,Woodland Or Forest,418789,471588,4000,400000,418617,471338,419189,471838,HG4,http://data.ordnancesurvey.co.uk/id/postcodedistrict/HG4,,,,,,,North Yorkshire,http://data.ordnancesurvey.co.uk/id/7000000000183627,http://data.ordnancesurvey.co.uk/ontology/admingeo/UnitaryAuthority,Yorkshire and the Humber,http://data.ordnancesurvey.co.uk/id/7000000000041430,England,http://data.ordnancesurvey.co.uk/id/country/england,,,
osgb4000000074816494,http://data.ordnancesurvey.co.uk/id/4000000074816494,Black Hill,,,,landform,Hill Or Mountain,407634,471515,1000,300000,407384,471265,407884,471765,HG3,http://data.ordnancesurvey.co.uk/id/postcodedistrict/HG3,,,,,,,North Yorkshire,http://data.ordnancesurvey.co.uk/id/7000000000183627,http://data.ordnancesurvey.co.uk/ontology/admingeo/UnitaryAuthority,Yorkshire and the Humber,http://data.ordnancesurvey.co.uk/id/7000000000041430,England,http://data.ordnancesurvey.co.uk/id/country/england,,,
osgb4000000074783341,http://data.ordnancesurvey.co.uk/id/4000000074783341,Lady Hill,,,,landform,Hill Or Mountain,419881,472588,1000,300000,419631,472338,420131,472838,HG4,http://data.ordnancesurvey.co.uk/id/postcodedistrict/HG4,,,,,,,North Yorkshire,http://data.ordnancesurvey.co.uk/id/7000000000183627,http://data.ordnancesurvey.co.uk/ontology/admingeo/UnitaryAuthority,Yorkshire and the Humber,http://data.ordnancesurvey.co.uk/id/7000000000041430,England,http://data.ordnancesurvey.co.uk/id/country/england,,,
osgb4000000074816524,http://data.ordnancesurvey.co.uk/id/4000000074816524,Black Hill,,,,landform,Hill Or Mountain,408720,463172,1000,300000,408470,462922,408970,463422,HG3,http://data.ordnancesurvey.co.uk/id/postcodedistrict/HG3,,,,,,,North Yorkshire,http://data.ordnancesurvey.co.uk/id/7000000000183627,http://data.ordnancesurvey.co.uk/ontology/admingeo/UnitaryAuthority,Yorkshire and the Humber,http://data.ordnancesurvey.co.uk/id/7000000000041430,England,http://data.ordnancesurvey.co.uk/id/country/england,,,
osgb4000000074666148,http://data.ordnancesurvey.co.uk/id/4000000074666148,Great Wood,,,,landcover,Woodland Or Forest,419887,465704,6000,400000,419691,465454,420676,465954,HG3,http://data.ordnancesurvey.co.uk/id/postcodedistrict/HG3,,,,,,,North Yorkshire,http://data.ordnancesurvey.co.uk/id/7000000000183627,http://data.ordnancesurvey.co.uk/ontology/admingeo/UnitaryAuthority,Yorkshire and the Humber,http://data.ordnancesurvey.co.uk/id/7000000000041430,England,http://data.ordnancesurvey.co.uk/id/country/england,,,
osgb4000000074820237,http://data.ordnancesurvey.co.uk/id/4000000074820237,The Hole,,,,hydrography,Inland Water,413533,462392,1000,35000,413282,462143,413782,462643,HG3,http://data.ordnancesurvey.co.uk/id/postcodedistrict/HG3,,,,,,,North Yorkshire,http://data.ordnancesurvey.co.uk/id/7000000000183627,http://data.ordnancesurvey.co.uk/ontology/admingeo/UnitaryAuthority,Yorkshire and the Humber,http://data.ordnancesurvey.co.uk/id/7000000000041430,England,http://data.ordnancesurvey.co.uk/id/country/england,,,
osgb4000000074802384,http://data.ordnancesurvey.co.uk/id/4000000074802384,Roundhill Reservoir,,,,hydrography,Inland Water,414861,476904,8000,500000,414324,476326,415316,477483,HG4,http://data.ordnancesurvey.co.uk/id/postcodedistrict/HG4,,,,,,,North Yorkshire,http://data.ordnancesurvey.co.uk/id/7000000000183627,http://data.ordnancesurvey.co.uk/ontology/admingeo/UnitaryAuthority,Yorkshire and the Humber,http://data.ordnancesurvey.co.uk/id/7000000000041430,England,http://data.ordnancesurvey.co.uk/id/country/england,,,
osgb4000000074671123,http://data.ordnancesurvey.co.uk/id/4000000074671123,Hall Wood,,,,landcover,Woodland Or Forest,417184,479830,10000,400000,416697,479463,418265,480197,HG4,http://data.ordnancesurvey.co.uk/id/postcodedistrict/HG4,,,,,,,North Yorkshire,http://data.ordnancesurvey.co.uk/id/7000000000183627,http://data.ordnancesurvey.co.uk/ontology/admingeo/UnitaryAuthority,Yorkshire and the Humber,http://data.ordnancesurvey.co.uk/id/7000000000041430,England,http://data.ordnancesurvey.co.uk/id/country/england,,,
osgb4000000074716556,http://data.ordnancesurvey.co.uk/id/4000000074716556,Hole Bottom,,,,landform,Valley,402277,464134,3000,800000,402027,463941,402527,464441,BD23,http://data.ordnancesurvey.co.uk/id/postcodedistrict/BD23,,,,,,,North Yorkshire,http://data.ordnancesurvey.co.uk/id/7000000000183627,http://data.ordnancesurvey.co.uk/ontology/admingeo/UnitaryAuthority,Yorkshire and the Humber,http://data.ordnancesurvey.co.uk/id/7000000000041430,England,http://data.ordnancesurvey.co.uk/id/country/england,,,
osgb4000000074730078,http://data.ordnancesurvey.co.uk/id/4000000074730078,Pie Gill Green,,,,landcover,Other Landcover,414876,467460,1000,800000,414623,467210,415123,467710,HG3,http://data.ordnancesurvey.co.uk/id/postcodedistrict/HG3,,,,,,,North Yorkshire,http://data.ordnancesurvey.co.uk/id/7000000000183627,http://data.ordnancesurvey.co.uk/ontology/admingeo/UnitaryAuthority,Yorkshire and the Humber,http://data.ordnancesurvey.co.uk/id/7000000000041430,England,http://data.ordnancesurvey.co.uk/id/country/england,,,
osgb4000000074783790,http://data.ordnancesurvey.co.uk/id/4000000074783790,White Hillock,,,,landform,Hill Or Mountain,403618,466147,1000,300000,403368,465897,403868,466397,BD23,http://data.ordnancesurvey.co.uk/id/postcodedistrict/BD23,,,,,,,North Yorkshire,http://data.ordnancesurvey.co.uk/id/7000000000183627,http://data.ordnancesurvey.co.uk/ontology/admingeo/UnitaryAuthority,Yorkshire and the Humber,http://data.ordnancesurvey.co.uk/id/7000000000041430,England,http://data.ordnancesurvey.co.uk/id/country/england,,,
osgb4000000074669041,http://data.ordnancesurvey.co.uk/id/4000000074669041,Waddy Plantation,,,,landcover,Woodland Or Forest,400229,462114,1000,400000,400045,461865,400545,462365,BD23,http://data.ordnancesurvey.co.uk/id/postcodedistrict/BD23,,,,,,,North Yorkshire,http://data.ordnancesurvey.co.uk/id/7000000000183627,http://data.ordnancesurvey.co.uk/ontology/admingeo/UnitaryAuthority,Yorkshire and the Humber,http://data.ordnancesurvey.co.uk/id/7000000000041430,England,http://data.ordnancesurvey.co.uk/id/country/england,,,
osgb4000000074624131,http://data.ordnancesurvey.co.uk/id/4000000074624131,Bark Cabin Wood,,,,landcover,Woodland Or Forest,417167,463456,2000,400000,416884,463206,417384,463706,HG3,http://data.ordnancesurvey.co.uk/id/postcodedistrict/HG3,,,,,,,North Yorkshire,http://data.ordnancesurvey.co.uk/id/7000000000183627,http://data.ordnancesurvey.co.uk/ontology/admingeo/UnitaryAuthority,Yorkshire and the Humber,http://data.ordnancesurvey.co.uk/id/7000000000041430,England,http://data.ordnancesurvey.co.uk/id/country/england,,,
osgb4000000074625354,http://data.ordnancesurvey.co.uk/id/4000000074625354,Grimes Gill Wood,,,,landcover,Woodland Or Forest,414028,478692,5000,400000,413579,478442,414412,478942,HG4,http://data.ordnancesurvey.co.uk/id/postcodedistrict/HG4,,,,,,,North Yorkshire,http://data.ordnancesurvey.co.uk/id/7000000000183627,http://data.ordnancesurvey.co.uk/ontology/admingeo/UnitaryAuthority,Yorkshire and the Humber,http://data.ordnancesurvey.co.uk/id/7000000000041430,England,http://data.ordnancesurvey.co.uk/id/country/england,,,
osgb4000000074813078,http://data.ordnancesurvey.co.uk/id/4000000074813078,Henstones Allotment,,,,landcover,Other Landcover,407928,464981,10000,1300000,407514,464331,408342,465871,BD23,http://data.ordnancesurvey.co.uk/id/postcodedistrict/BD23,,,,,,,North Yorkshire,http://data.ordnancesurvey.co.uk/id/7000000000183627,http://data.ordnancesurvey.co.uk/ontology/admingeo/UnitaryAuthority,Yorkshire and the Humber,http://data.ordnancesurvey.co.uk/id/7000000000041430,England,http://data.ordnancesurvey.co.uk/id/country/england,,,
osgb4000000074730494,http://data.ordnancesurvey.co.uk/id/4000000074730494,Conistone Moor,,,,landcover,Other Landcover,401508,471304,22000,1300000,399779,469626,403077,472982,BD23,http://data.ordnancesurvey.co.uk/id/postcodedistrict/BD23,,,,,,,North Yorkshire,http://data.ordnancesurvey.co.uk/id/7000000000183627,http://data.ordnancesurvey.co.uk/ontology/admingeo/UnitaryAuthority,Yorkshire and the Humber,http://data.ordnancesurvey.co.uk/id/7000000000041430,England,http://data.ordnancesurvey.co.uk/id/country/england,,,
osgb4000000074729774,http://data.ordnancesurvey.co.uk/id/4000000074729774,Lodge Pasture,,,,landcover,Other Landcover,403597,477708,8000,1300000,403075,477285,404312,478130,DL8,http://data.ordnancesurvey.co.uk/id/postcodedistrict/DL8,,,,,,,North Yorkshire,http://data.ordnancesurvey.co.uk/id/7000000000183627,http://data.ordnancesurvey.co.uk/ontology/admingeo/UnitaryAuthority,Yorkshire and the Humber,http://data.ordnancesurvey.co.uk/id/7000000000041430,England,http://data.ordnancesurvey.co.uk/id/country/england,,,
osgb4000000074599921,http://data.ordnancesurvey.co.uk/id/4000000074599921,Ouster Bank,,,,landform,Hill Or Mountain,412062,475137,1000,300000,411812,474887,412312,475387,HG3,http://data.ordnancesurvey.co.uk/id/postcodedistrict/HG3,,,,,,,North Yorkshire,http://data.ordnancesurvey.co.uk/id/7000000000183627,http://data.ordnancesurvey.co.uk/ontology/admingeo/UnitaryAuthority,Yorkshire and the Humber,http://data.ordnancesurvey.co.uk/id/7000000000041430,England,http://data.ordnancesurvey.co.uk/id/country/england,,,
osgb4000000074730497,http://data.ordnancesurvey.co.uk/id/4000000074730497,Far Pasture,,,,landcover,Other Landcover,406219,473633,6000,1300000,405808,473234,406718,474032,HG3,http://data.ordnancesurvey.co.uk/id/postcodedistrict/HG3,,,,,,,North Yorkshire,http://data.ordnancesurvey.co.uk/id/7000000000183627,http://data.ordnancesurvey.co.uk/ontology/admingeo/UnitaryAuthority,Yorkshire and the Humber,http://data.ordnancesurvey.co.uk/id/7000000000041430,England,http://data.ordnancesurvey.co.uk/id/country/england,,,
osgb4000000074783733,http://data.ordnancesurvey.co.uk/id/4000000074783733,Birky Bank Top,,,,landform,Hill Or Mountain,413732,474788,1000,300000,413482,474538,413982,475038,HG4,http://data.ordnancesurvey.co.uk/id/postcodedistrict/HG4,,,,,,,North Yorkshire,http://data.ordnancesurvey.co.uk/id/7000000000183627,http://data.ordnancesurvey.co.uk/ontology/admingeo/UnitaryAuthority,Yorkshire and the Humber,http://data.ordnancesurvey.co.uk/id/7000000000041430,England,http://data.ordnancesurvey.co.uk/id/country/england,,,
osgb4000000074729696,http://data.ordnancesurvey.co.uk/id/4000000074729696,Haden Carr Pasture,,,,landcover,Other Landcover,405614,476234,9000,1300000,404872,475806,406330,476663,HG3,http://data.ordnancesurvey.co.uk/id/postcodedistrict/HG3,,,,,,,North Yorkshire,http://data.ordnancesurvey.co.uk/id/7000000000183627,http://data.ordnancesurvey.co.uk/ontology/admingeo/UnitaryAuthority,Yorkshire and the Humber,http://data.ordnancesurvey.co.uk/id/7000000000041430,England,http://data.ordnancesurvey.co.uk/id/country/england,,,
osgb4000000074783597,http://data.ordnancesurvey.co.uk/id/4000000074783597,Whithill,,,,landform,Hill Or Mountain,406002,461111,1000,300000,405752,460861,406252,461361,BD23,http://data.ordnancesurvey.co.uk/id/postcodedistrict/BD23,,,,,,,North Yorkshire,http://data.ordnancesurvey.co.uk/id/7000000000183627,http://data.ordnancesurvey.co.uk/ontology/admingeo/UnitaryAuthority,Yorkshire and the Humber,http://data.ordnancesurvey.co.uk/id/7000000000041430,England,http://data.ordnancesurvey.co.uk/id/country/england,,,
osgb4000000074730496,http://data.ordnancesurvey.co.uk/id/4000000074730496,Riggs Moor,,,,landcover,Other Landcover,403974,472622,22000,1300000,402103,471171,405428,474074,HG3,http://data.ordnancesurvey.co.uk/id/postcodedistrict/HG3,,,,,,,North Yorkshire,http://data.ordnancesurvey.co.uk/id/7000000000183627,http://data.ordnancesurvey.co.uk/ontology/admingeo/UnitaryAuthority,Yorkshire and the Humber,http://data.ordnancesurvey.co.uk/id/7000000000041430,England,http://data.ordnancesurvey.co.uk/id/country/england,,,
osgb4000000074665739,http://data.ordnancesurvey.co.uk/id/4000000074665739,Lead Wath Wood,,,,landcover,Woodland Or Forest,418771,463354,4000,400000,418594,463078,419136,463630,HG3,http://data.ordnancesurvey.co.uk/id/postcodedistrict/HG3,,,,,,,North Yorkshire,http://data.ordnancesurvey.co.uk/id/7000000000183627,http://data.ordnancesurvey.co.uk/ontology/admingeo/UnitaryAuthority,Yorkshire and the Humber,http://data.ordnancesurvey.co.uk/id/7000000000041430,England,http://data.ordnancesurvey.co.uk/id/country/england,,,
osgb4000000074795969,http://data.ordnancesurvey.co.uk/id/4000000074795969,Combes Marsh,,,,landcover,Wetland,406337,468199,4000,15000,406087,467759,406587,468316,BD23,http://data.ordnancesurvey.co.uk/id/postcodedistrict/BD23,,,,,,,North Yorkshire,http://data.ordnancesurvey.co.uk/id/7000000000183627,http://data.ordnancesurvey.co.uk/ontology/admingeo/UnitaryAuthority,Yorkshire and the Humber,http://data.ordnancesurvey.co.uk/id/7000000000041430,England,http://data.ordnancesurvey.co.uk/id/country/england,,,
osgb4000000074670712,http://data.ordnancesurvey.co.uk/id/4000000074670712,Knowle Plantation,,,,landcover,Woodland Or Forest,417538,479317,3000,400000,417293,479067,417793,479567,HG4,http://data.ordnancesurvey.co.uk/id/postcodedistrict/HG4,,,,,,,North Yorkshire,http://data.ordnancesurvey.co.uk/id/7000000000183627,http://data.ordnancesurvey.co.uk/ontology/admingeo/UnitaryAuthority,Yorkshire and the Humber,http://data.ordnancesurvey.co.uk/id/7000000000041430,England,http://data.ordnancesurvey.co.uk/id/country/england,,,
osgb4000000074729624,http://data.ordnancesurvey.co.uk/id/4000000074729624,Woogill Moor,,,,landcover,Other Landcover,408009,478485,15000,1300000,406744,477587,408992,479382,HG3,http://data.ordnancesurvey.co.uk/id/postcodedistrict/HG3,,,,,,,North Yorkshire,http://data.ordnancesurvey.co.uk/id/7000000000183627,http://data.ordnancesurvey.co.uk/ontology/admingeo/UnitaryAuthority,Yorkshire and the Humber,http://data.ordnancesurvey.co.uk/id/7000000000041430,England,http://data.ordnancesurvey.co.uk/id/country/england,,,
osgb4000000074809408,http://data.ordnancesurvey.co.uk/id/4000000074809408,Mossy Moor Reservoir,,,,hydrography,Inland Water,402996,464414,1000,500000,402744,464165,403244,464665,BD23,http://data.ordnancesurvey.co.uk/id/postcodedistrict/BD23,,,,,,,North Yorkshire,http://data.ordnancesurvey.co.uk/id/7000000000183627,http://data.ordnancesurvey.co.uk/ontology/admingeo/UnitaryAuthority,Yorkshire and the Humber,http://data.ordnancesurvey.co.uk/id/7000000000041430,England,http://data.ordnancesurvey.co.uk/id/country/england,,,
osgb4000000074668621,http://data.ordnancesurvey.co.uk/id/4000000074668621,Rookcroft Wood,,,,landcover,Woodland Or Forest,404971,461458,3000,400000,404722,461199,405222,461699,BD23,http://data.ordnancesurvey.co.uk/id/postcodedistrict/BD23,,,,,,,North Yorkshire,http://data.ordnancesurvey.co.uk/id/7000000000183627,http://data.ordnancesurvey.co.uk/ontology/admingeo/UnitaryAuthority,Yorkshire and the Humber,http://data.ordnancesurvey.co.uk/id/7000000000041430,England,http://data.ordnancesurvey.co.uk/id/country/england,,,
osgb4000000074716558,http://data.ordnancesurvey.co.uk/id/4000000074716558,Mossdale,,,,landform,Valley,401910,469984,5000,800000,401582,469730,402239,470550,BD23,http://data.ordnancesurvey.co.uk/id/postcodedistrict/BD23,,,,,,,North Yorkshire,http://data.ordnancesurvey.co.uk/id/7000000000183627,http://data.ordnancesurvey.co.uk/ontology/admingeo/UnitaryAuthority,Yorkshire and the Humber,http://data.ordnancesurvey.co.uk/id/7000000000041430,England,http://data.ordnancesurvey.co.uk/id/country/england,,,
osgb4000000074666559,http://data.ordnancesurvey.co.uk/id/4000000074666559,Hindmes Wood,,,,landcover,Woodland Or Forest,414932,464912,1000,400000,414687,464662,415187,465162,HG3,http://data.ordnancesurvey.co.uk/id/postcodedistrict/HG3,,,,,,,North Yorkshire,http://data.ordnancesurvey.co.uk/id/7000000000183627,http://data.ordnancesurvey.co.uk/ontology/admingeo/UnitaryAuthority,Yorkshire and the Humber,http://data.ordnancesurvey.co.uk/id/7000000000041430,England,http://data.ordnancesurvey.co.uk/id/country/england,,,
osgb4000000074669894,http://data.ordnancesurvey.co.uk/id/4000000074669894,Stott Wood,,,,landcover,Woodland Or Forest,410098,476464,1000,400000,409848,476237,410348,476737,HG3,http://data.ordnancesurvey.co.uk/id/postcodedistrict/HG3,,,,,,,North Yorkshire,http://data.ordnancesurvey.co.uk/id/7000000000183627,http://data.ordnancesurvey.co.uk/ontology/admingeo/UnitaryAuthority,Yorkshire and the Humber,http://data.ordnancesurvey.co.uk/id/7000000000041430,England,http://data.ordnancesurvey.co.uk/id/country/england,,,
osgb4000000074624087,http://data.ordnancesurvey.co.uk/id/4000000074624087,Longside Wood,,,,landcover,Woodland Or Forest,411691,472214,3000,400000,411441,471976,411941,472476,HG3,http://data.ordnancesurvey.co.uk/id/postcodedistrict/HG3,,,,,,,North Yorkshire,http://data.ordnancesurvey.co.uk/id/7000000000183627,http://data.ordnancesurvey.co.uk/ontology/admingeo/UnitaryAuthority,Yorkshire and the Humber,http://data.ordnancesurvey.co.uk/id/7000000000041430,England,http://data.ordnancesurvey.co.uk/id/country/england,,,
osgb4000000074738464,http://data.ordnancesurvey.co.uk/id/4000000074738464,Appletreewick Pasture,,,,landcover,Other Landcover,405581,462006,15000,800000,404793,460801,406368,463051,BD23,http://data.ordnancesurvey.co.uk/id/postcodedistrict/BD23,,,,,,,North Yorkshire,http://data.ordnancesurvey.co.uk/id/7000000000183627,http://data.ordnancesurvey.co.uk/ontology/admingeo/UnitaryAuthority,Yorkshire and the Humber,http://data.ordnancesurvey.co.uk/id/7000000000041430,England,http://data.ordnancesurvey.co.uk/id/country/england,,,
osgb4000000074729618,http://data.ordnancesurvey.co.uk/id/4000000074729618,Riggs Pasture,,,,landcover,Other Landcover,407238,474736,6000,1300000,406629,474421,407560,475051,HG3,http://data.ordnancesurvey.co.uk/id/postcodedistrict/HG3,,,,,,,North Yorkshire,http://data.ordnancesurvey.co.uk/id/7000000000183627,http://data.ordnancesurvey.co.uk/ontology/admingeo/UnitaryAuthority,Yorkshire and the Humber,http://data.ordnancesurvey.co.uk/id/7000000000041430,England,http://data.ordnancesurvey.co.uk/id/country/england,,,
osgb4000000074729679,http://data.ordnancesurvey.co.uk/id/4000000074729679,Grimwith Moor,,,,landcover,Other Landcover,406654,465219,4000,1300000,406404,464899,406904,465504,BD23,http://data.ordnancesurvey.co.uk/id/postcodedistrict/BD23,,,,,,,North Yorkshire,http://data.ordnancesurvey.co.uk/id/7000000000183627,http://data.ordnancesurvey.co.uk/ontology/admingeo/UnitaryAuthority,Yorkshire and the Humber,http://data.ordnancesurvey.co.uk/id/7000000000041430,England,http://data.ordnancesurvey.co.uk/id/country/england,,,
osgb4000000074783407,http://data.ordnancesurvey.co.uk/id/4000000074783407,Bental Head,,,,landform,Other Landform,412070,465617,2000,15000,411827,465367,412327,465867,HG3,http://data.ordnancesurvey.co.uk/id/postcodedistrict/HG3,,,,,,,North Yorkshire,http://data.ordnancesurvey.co.uk/id/7000000000183627,http://data.ordnancesurvey.co.uk/ontology/admingeo/UnitaryAuthority,Yorkshire and the Humber,http://data.ordnancesurvey.co.uk/id/7000000000041430,England,http://data.ordnancesurvey.co.uk/id/country/england,,,
osgb4000000074666151,http://data.ordnancesurvey.co.uk/id/4000000074666151,Knox Wood,,,,landcover,Woodland Or Forest,419178,464020,3000,400000,418985,463771,419485,464271,HG3,http://data.ordnancesurvey.co.uk/id/postcodedistrict/HG3,,,,,,,North Yorkshire,http://data.ordnancesurvey.co.uk/id/7000000000183627,http://data.ordnancesurvey.co.uk/ontology/admingeo/UnitaryAuthority,Yorkshire and the Humber,http://data.ordnancesurvey.co.uk/id/7000000000041430,England,http://data.ordnancesurvey.co.uk/id/country/england,,,
osgb4000000074738586,http://data.ordnancesurvey.co.uk/id/4000000074738586,Masham Moor,,,,landcover,Other Landcover,411215,477861,80000,1300000,408056,474524,420311,481198,HG3,http://data.ordnancesurvey.co.uk/id/postcodedistrict/HG3,,,,,,,North Yorkshire,http://data.ordnancesurvey.co.uk/id/7000000000183627,http://data.ordnancesurvey.co.uk/ontology/admingeo/UnitaryAuthority,Yorkshire and the Humber,http://data.ordnancesurvey.co.uk/id/7000000000041430,England,http://data.ordnancesurvey.co.uk/id/country/england,,,
osgb4000000074714097,http://data.ordnancesurvey.co.uk/id/4000000074714097,Spring Wood,,,,landcover,Woodland Or Forest,419483,462519,2000,400000,419211,462269,419711,462769,HG3,http://data.ordnancesurvey.co.uk/id/postcodedistrict/HG3,,,,,,,North Yorkshire,http://data.ordnancesurvey.co.uk/id/7000000000183627,http://data.ordnancesurvey.co.uk/ontology/admingeo/UnitaryAuthority,Yorkshire and the Humber,http://data.ordnancesurvey.co.uk/id/7000000000041430,England,http://data.ordnancesurvey.co.uk/id/country/england,,,
osgb4000000074730284,http://data.ordnancesurvey.co.uk/id/4000000074730284,Bagwith Brae,,,,landcover,Other Landcover,419910,473895,2000,1300000,419661,473636,420161,474136,HG4,http://data.ordnancesurvey.co.uk/id/postcodedistrict/HG4,,,,,,,North Yorkshire,http://data.ordnancesurvey.co.uk/id/7000000000183627,http://data.ordnancesurvey.co.uk/ontology/admingeo/UnitaryAuthority,Yorkshire and the Humber,http://data.ordnancesurvey.co.uk/id/7000000000041430,England,http://data.ordnancesurvey.co.uk/id/country/england,,,
osgb4000000074601589,http://data.ordnancesurvey.co.uk/id/4000000074601589,Coal Hill,,,,landform,Hill Or Mountain,419691,470689,1000,300000,419441,470439,419941,470939,HG4,http://data.ordnancesurvey.co.uk/id/postcodedistrict/HG4,,,,,,,North Yorkshire,http://data.ordnancesurvey.co.uk/id/7000000000183627,http://data.ordnancesurvey.co.uk/ontology/admingeo/UnitaryAuthority,Yorkshire and the Humber,http://data.ordnancesurvey.co.uk/id/7000000000041430,England,http://data.ordnancesurvey.co.uk/id/country/england,,,
osgb4000000074671530,http://data.ordnancesurvey.co.uk/id/4000000074671530,North Wood,,,,landcover,Woodland Or Forest,414775,478689,7000,400000,414410,478439,415549,478939,HG4,http://data.ordnancesurvey.co.uk/id/postcodedistrict/HG4,,,,,,,North Yorkshire,http://data.ordnancesurvey.co.uk/id/7000000000183627,http://data.ordnancesurvey.co.uk/ontology/admingeo/UnitaryAuthority,Yorkshire and the Humber,http://data.ordnancesurvey.co.uk/id/7000000000041430,England,http://data.ordnancesurvey.co.uk/id/country/england,,,
osgb4000000074625175,http://data.ordnancesurvey.co.uk/id/4000000074625175,Yates Wood,,,,landcover,Woodland Or Forest,414222,468573,2000,400000,414000,468323,414500,468823,HG3,http://data.ordnancesurvey.co.uk/id/postcodedistrict/HG3,,,,,,,North Yorkshire,http://data.ordnancesurvey.co.uk/id/7000000000183627,http://data.ordnancesurvey.co.uk/ontology/admingeo/UnitaryAuthority,Yorkshire and the Humber,http://data.ordnancesurvey.co.uk/id/7000000000041430,England,http://data.ordnancesurvey.co.uk/id/country/england,,,
osgb4000000074729767,http://data.ordnancesurvey.co.uk/id/4000000074729767,Flout Moss,,,,landcover,Other Landcover,408690,466699,3000,1300000,408440,466424,408940,466959,HG3,http://data.ordnancesurvey.co.uk/id/postcodedistrict/HG3,,,,,,,North Yorkshire,http://data.ordnancesurvey.co.uk/id/7000000000183627,http://data.ordnancesurvey.co.uk/ontology/admingeo/UnitaryAuthority,Yorkshire and the Humber,http://data.ordnancesurvey.co.uk/id/7000000000041430,England,http://data.ordnancesurvey.co.uk/id/country/england,,,
osgb4000000074621296,http://data.ordnancesurvey.co.uk/id/4000000074621296,Bishopside Brae,,,,landform,Spot Height,415935,467387,1000,100000,415685,467137,416185,467637,HG3,http://data.ordnancesurvey.co.uk/id/postcodedistrict/HG3,,,,,,,North Yorkshire,http://data.ordnancesurvey.co.uk/id/7000000000183627,http://data.ordnancesurvey.co.uk/ontology/admingeo/UnitaryAuthority,Yorkshire and the Humber,http://data.ordnancesurvey.co.uk/id/7000000000041430,England,http://data.ordnancesurvey.co.uk/id/country/england,,,
osgb4000000074813080,http://data.ordnancesurvey.co.uk/id/4000000074813080,High Allotment,,,,landcover,Other Landcover,407698,465875,9000,1300000,407305,465054,408091,466484,BD23,http://data.ordnancesurvey.co.uk/id/postcodedistrict/BD23,,,,,,,North Yorkshire,http://data.ordnancesurvey.co.uk/id/7000000000183627,http://data.ordnancesurvey.co.uk/ontology/admingeo/UnitaryAuthority,Yorkshire and the Humber,http://data.ordnancesurvey.co.uk/id/7000000000041430,England,http://data.ordnancesurvey.co.uk/id/country/england,,,
osgb4000000074601593,http://data.ordnancesurvey.co.uk/id/4000000074601593,Light Hill,,,,landform,Hill Or Mountain,414509,470170,1000,300000,414259,469920,414759,470420,HG3,http://data.ordnancesurvey.co.uk/id/postcodedistrict/HG3,,,,,,,North Yorkshire,http://data.ordnancesurvey.co.uk/id/7000000000183627,http://data.ordnancesurvey.co.uk/ontology/admingeo/UnitaryAuthority,Yorkshire and the Humber,http://data.ordnancesurvey.co.uk/id/7000000000041430,England,http://data.ordnancesurvey.co.uk/id/country/england,,,
osgb4000000074729909,http://data.ordnancesurvey.co.uk/id/4000000074729909,Backstone Edge Moss,,,,landcover,Other Landcover,404035,464700,3000,1300000,403785,464443,404286,464943,BD23,http://data.ordnancesurvey.co.uk/id/postcodedistrict/BD23,,,,,,,North Yorkshire,http://data.ordnancesurvey.co.uk/id/7000000000183627,http://data.ordnancesurvey.co.uk/ontology/admingeo/UnitaryAuthority,Yorkshire and the Humber,http://data.ordnancesurvey.co.uk/id/7000000000041430,England,http://data.ordnancesurvey.co.uk/id/country/england,,,
osgb4000000074666967,http://data.ordnancesurvey.co.uk/id/4000000074666967,Charley Wood,,,,landcover,Woodland Or Forest,412860,465641,3000,400000,412496,465391,412996,465891,HG3,http://data.ordnancesurvey.co.uk/id/postcodedistrict/HG3,,,,,,,North Yorkshire,http://data.ordnancesurvey.co.uk/id/7000000000183627,http://data.ordnancesurvey.co.uk/ontology/admingeo/UnitaryAuthority,Yorkshire and the Humber,http://data.ordnancesurvey.co.uk/id/7000000000041430,England,http://data.ordnancesurvey.co.uk/id/country/england,,,
osgb4000000074783492,http://data.ordnancesurvey.co.uk/id/4000000074783492,Bonfire Hill,,,,landform,Hill Or Mountain,419683,470693,1000,300000,419433,470443,419933,470943,HG4,http://data.ordnancesurvey.co.uk/id/postcodedistrict/HG4,,,,,,,North Yorkshire,http://data.ordnancesurvey.co.uk/id/7000000000183627,http://data.ordnancesurvey.co.uk/ontology/admingeo/UnitaryAuthority,Yorkshire and the Humber,http://data.ordnancesurvey.co.uk/id/7000000000041430,England,http://data.ordnancesurvey.co.uk/id/country/england,,,
osgb4000000074783741,http://data.ordnancesurvey.co.uk/id/4000000074783741,Grindstone Hill,,,,landform,Hill Or Mountain,411475,467283,1000,300000,411225,467033,411725,467533,HG3,http://data.ordnancesurvey.co.uk/id/postcodedistrict/HG3,,,,,,,North Yorkshire,http://data.ordnancesurvey.co.uk/id/7000000000183627,http://data.ordnancesurvey.co.uk/ontology/admingeo/UnitaryAuthority,Yorkshire and the Humber,http://data.ordnancesurvey.co.uk/id/7000000000041430,England,http://data.ordnancesurvey.co.uk/id/country/england,,,
osgb4000000074802844,http://data.ordnancesurvey.co.uk/id/4000000074802844,Shoulder of Mutton,,,,hydrography,Inland Water,419924,479732,1000,500000,419675,479482,420175,479982,HG4,http://data.ordnancesurvey.co.uk/id/postcodedistrict/HG4,,,,,,,North Yorkshire,http://data.ordnancesurvey.co.uk/id/7000000000183627,http://data.ordnancesurvey.co.uk/ontology/admingeo/UnitaryAuthority,Yorkshire and the Humber,http://data.ordnancesurvey.co.uk/id/7000000000041430,England,http://data.ordnancesurvey.co.uk/id/country/england,,,
osgb4000000074668623,http://data.ordnancesurvey.co.uk/id/4000000074668623,Rough Close Wood,,,,landcover,Woodland Or Forest,404822,462335,1000,400000,404586,462085,405086,462585,BD23,http://data.ordnancesurvey.co.uk/id/postcodedistrict/BD23,,,,,,,North Yorkshire,http://data.ordnancesurvey.co.uk/id/7000000000183627,http://data.ordnancesurvey.co.uk/ontology/admingeo/UnitaryAuthority,Yorkshire and the Humber,http://data.ordnancesurvey.co.uk/id/7000000000041430,England,http://data.ordnancesurvey.co.uk/id/country/england,,,
osgb4000000074730503,http://data.ordnancesurvey.co.uk/id/4000000074730503,Clints Moor,,,,landcover,Other Landcover,416931,478521,6000,1300000,416550,477985,417312,478979,HG4,http://data.ordnancesurvey.co.uk/id/postcodedistrict/HG4,,,,,,,North Yorkshire,http://data.ordnancesurvey.co.uk/id/7000000000183627,http://data.ordnancesurvey.co.uk/ontology/admingeo/UnitaryAuthority,Yorkshire and the Humber,http://data.ordnancesurvey.co.uk/id/7000000000041430,England,http://data.ordnancesurvey.co.uk/id/country/england,,,
osgb4000000074625676,http://data.ordnancesurvey.co.uk/id/4000000074625676,Newlands Wood,,,,landcover,Woodland Or Forest,419238,474888,4000,400000,418988,474617,419488,475236,HG4,http://data.ordnancesurvey.co.uk/id/postcodedistrict/HG4,,,,,,,North Yorkshire,http://data.ordnancesurvey.co.uk/id/7000000000183627,http://data.ordnancesurvey.co.uk/ontology/admingeo/UnitaryAuthority,Yorkshire and the Humber,http://data.ordnancesurvey.co.uk/id/7000000000041430,England,http://data.ordnancesurvey.co.uk/id/country/england,,,
osgb4000000074670281,http://data.ordnancesurvey.co.uk/id/4000000074670281,Arna Knab Wood,,,,landcover,Woodland Or Forest,411841,472345,4000,400000,411591,472094,412091,472666,HG3,http://data.ordnancesurvey.co.uk/id/postcodedistrict/HG3,,,,,,,North Yorkshire,http://data.ordnancesurvey.co.uk/id/7000000000183627,http://data.ordnancesurvey.co.uk/ontology/admingeo/UnitaryAuthority,Yorkshire and the Humber,http://data.ordnancesurvey.co.uk/id/7000000000041430,England,http://data.ordnancesurvey.co.uk/id/country/england,,,
osgb4000000074783534,http://data.ordnancesurvey.co.uk/id/4000000074783534,Sweet Hill,,,,landform,Hill Or Mountain,400403,472803,1000,300000,400153,472553,400653,473053,BD23,http://data.ordnancesurvey.co.uk/id/postcodedistrict/BD23,,,,,,,North Yorkshire,http://data.ordnancesurvey.co.uk/id/7000000000183627,http://data.ordnancesurvey.co.uk/ontology/admingeo/UnitaryAuthority,Yorkshire and the Humber,http://data.ordnancesurvey.co.uk/id/7000000000041430,England,http://data.ordnancesurvey.co.uk/id/country/england,,,
osgb4000000074738276,http://data.ordnancesurvey.co.uk/id/4000000074738276,Ravenstone Moor,,,,landcover,Other Landcover,410514,464814,4000,1300000,410251,464524,410776,465077,HG3,http://data.ordnancesurvey.co.uk/id/postcodedistrict/HG3,,,,,,,North Yorkshire,http://data.ordnancesurvey.co.uk/id/7000000000183627,http://data.ordnancesurvey.co.uk/ontology/admingeo/UnitaryAuthority,Yorkshire and the Humber,http://data.ordnancesurvey.co.uk/id/7000000000041430,England,http://data.ordnancesurvey.co.uk/id/country/england,,,
osgb4000000074601733,http://data.ordnancesurvey.co.uk/id/4000000074601733,Mark Hill,,,,landform,Hill Or Mountain,409078,469066,1000,300000,408828,468816,409328,469316,HG3,http://data.ordnancesurvey.co.uk/id/postcodedistrict/HG3,,,,,,,North Yorkshire,http://data.ordnancesurvey.co.uk/id/7000000000183627,http://data.ordnancesurvey.co.uk/ontology/admingeo/UnitaryAuthority,Yorkshire and the Humber,http://data.ordnancesurvey.co.uk/id/7000000000041430,England,http://data.ordnancesurvey.co.uk/id/country/england,,,
osgb4000000074729993,http://data.ordnancesurvey.co.uk/id/4000000074729993,Black Crag Moss,,,,landcover,Other Landcover,405917,466917,4000,1300000,405597,466618,406214,467216,BD23,http://data.ordnancesurvey.co.uk/id/postcodedistrict/BD23,,,,,,,North Yorkshire,http://data.ordnancesurvey.co.uk/id/7000000000183627,http://data.ordnancesurvey.co.uk/ontology/admingeo/UnitaryAuthority,Yorkshire and the Humber,http://data.ordnancesurvey.co.uk/id/7000000000041430,England,http://data.ordnancesurvey.co.uk/id/country/england,,,
osgb4000000074783204,http://data.ordnancesurvey.co.uk/id/4000000074783204,Swamp Hill,,,,landform,Hill Or Mountain,406112,465874,1000,300000,405862,465624,406362,466124,BD23,http://data.ordnancesurvey.co.uk/id/postcodedistrict/BD23,,,,,,,North Yorkshire,http://data.ordnancesurvey.co.uk/id/7000000000183627,http://data.ordnancesurvey.co.uk/ontology/admingeo/UnitaryAuthority,Yorkshire and the Humber,http://data.ordnancesurvey.co.uk/id/7000000000041430,England,http://data.ordnancesurvey.co.uk/id/country/england,,,
osgb4000000074667798,http://data.ordnancesurvey.co.uk/id/4000000074667798,Hell Holme Wood,,,,landcover,Woodland Or Forest,419682,471880,4000,400000,419433,471415,419933,472017,HG4,http://data.ordnancesurvey.co.uk/id/postcodedistrict/HG4,,,,,,,North Yorkshire,http://data.ordnancesurvey.co.uk/id/7000000000183627,http://data.ordnancesurvey.co.uk/ontology/admingeo/UnitaryAuthority,Yorkshire and the Humber,http://data.ordnancesurvey.co.uk/id/7000000000041430,England,http://data.ordnancesurvey.co.uk/id/country/england,,,
osgb4000000074813072,http://data.ordnancesurvey.co.uk/id/4000000074813072,Parker Allotment,,,,landcover,Other Landcover,409393,462490,8000,1300000,408868,461674,409918,462947,HG3,http://data.ordnancesurvey.co.uk/id/postcodedistrict/HG3,,,,,,,North Yorkshire,http://data.ordnancesurvey.co.uk/id/7000000000183627,http://data.ordnancesurvey.co.uk/ontology/admingeo/UnitaryAuthority,Yorkshire and the Humber,http://data.ordnancesurvey.co.uk/id/7000000000041430,England,http://data.ordnancesurvey.co.uk/id/country/england,,,
osgb4000000074601735,http://data.ordnancesurvey.co.uk/id/4000000074601735,Moss Drive,,,,landform,Hill Or Mountain,405551,470244,1000,300000,405301,469994,405801,470494,HG3,http://data.ordnancesurvey.co.uk/id/postcodedistrict/HG3,,,,,,,North Yorkshire,http://data.ordnancesurvey.co.uk/id/7000000000183627,http://data.ordnancesurvey.co.uk/ontology/admingeo/UnitaryAuthority,Yorkshire and the Humber,http://data.ordnancesurvey.co.uk/id/7000000000041430,England,http://data.ordnancesurvey.co.uk/id/country/england,,,
osgb4000000074783378,http://data.ordnancesurvey.co.uk/id/4000000074783378,Great Black Hill,,,,landform,Hill Or Mountain,403923,465030,1000,300000,403673,464780,404173,465280,BD23,http://data.ordnancesurvey.co.uk/id/postcodedistrict/BD23,,,,,,,North Yorkshire,http://data.ordnancesurvey.co.uk/id/7000000000183627,http://data.ordnancesurvey.co.uk/ontology/admingeo/UnitaryAuthority,Yorkshire and the Humber,http://data.ordnancesurvey.co.uk/id/7000000000041430,England,http://data.ordnancesurvey.co.uk/id/country/england,,,
osgb4000000074820205,http://data.ordnancesurvey.co.uk/id/4000000074820205,Rochard Rigg,,,,landcover,Other Landcover,409941,461639,5000,1300000,409494,461389,410254,461889,HG3,http://data.ordnancesurvey.co.uk/id/postcodedistrict/HG3,,,,,,,North Yorkshire,http://data.ordnancesurvey.co.uk/id/7000000000183627,http://data.ordnancesurvey.co.uk/ontology/admingeo/UnitaryAuthority,Yorkshire and the Humber,http://data.ordnancesurvey.co.uk/id/7000000000041430,England,http://data.ordnancesurvey.co.uk/id/country/england,,,
osgb4000000074669893,http://data.ordnancesurvey.co.uk/id/4000000074669893,Thwaite Wood,,,,landcover,Woodland Or Forest,410112,476166,3000,400000,409862,475882,410362,476382,HG3,http://data.ordnancesurvey.co.uk/id/postcodedistrict/HG3,,,,,,,North Yorkshire,http://data.ordnancesurvey.co.uk/id/7000000000183627,http://data.ordnancesurvey.co.uk/ontology/admingeo/UnitaryAuthority,Yorkshire and the Humber,http://data.ordnancesurvey.co.uk/id/7000000000041430,England,http://data.ordnancesurvey.co.uk/id/country/england,,,
osgb4000000074783207,http://data.ordnancesurvey.co.uk/id/4000000074783207,Robin Rake Hill,,,,landform,Hill Or Mountain,417562,471012,1000,300000,417312,470762,417812,471262,HG4,http://data.ordnancesurvey.co.uk/id/postcodedistrict/HG4,,,,,,,North Yorkshire,http://data.ordnancesurvey.co.uk/id/7000000000183627,http://data.ordnancesurvey.co.uk/ontology/admingeo/UnitaryAuthority,Yorkshire and the Humber,http://data.ordnancesurvey.co.uk/id/7000000000041430,England,http://data.ordnancesurvey.co.uk/id/country/england,,,
osgb4000000074669895,http://data.ordnancesurvey.co.uk/id/4000000074669895,Teatherah Wood,,,,landcover,Woodland Or Forest,409891,476281,3000,400000,409641,476148,410141,476648,HG3,http://data.ordnancesurvey.co.uk/id/postcodedistrict/HG3,,,,,,,North Yorkshire,http://data.ordnancesurvey.co.uk/id/7000000000183627,http://data.ordnancesurvey.co.uk/ontology/admingeo/UnitaryAuthority,Yorkshire and the Humber,http://data.ordnancesurvey.co.uk/id/7000000000041430,England,http://data.ordnancesurvey.co.uk/id/country/england,,,
osgb4000000074623932,http://data.ordnancesurvey.co.uk/id/4000000074623932,Cow Close Wood,,,,landcover,Woodland Or Forest,415208,468218,6000,400000,414792,467997,415624,468996,HG3,http://data.ordnancesurvey.co.uk/id/postcodedistrict/HG3,,,,,,,North Yorkshire,http://data.ordnancesurvey.co.uk/id/7000000000183627,http://data.ordnancesurvey.co.uk/ontology/admingeo/UnitaryAuthority,Yorkshire and the Humber,http://data.ordnancesurvey.co.uk/id/7000000000041430,England,http://data.ordnancesurvey.co.uk/id/country/england,,,
osgb4000000074669869,http://data.ordnancesurvey.co.uk/id/4000000074669869,Knott's Plantation,,,,landcover,Woodland Or Forest,412162,470243,2000,400000,411923,469993,412423,470493,HG3,http://data.ordnancesurvey.co.uk/id/postcodedistrict/HG3,,,,,,,North Yorkshire,http://data.ordnancesurvey.co.uk/id/7000000000183627,http://data.ordnancesurvey.co.uk/ontology/admingeo/UnitaryAuthority,Yorkshire and the Humber,http://data.ordnancesurvey.co.uk/id/7000000000041430,England,http://data.ordnancesurvey.co.uk/id/country/england,,,
osgb4000000074625203,http://data.ordnancesurvey.co.uk/id/4000000074625203,South Wood,,,,landcover,Woodland Or Forest,415467,477770,5000,400000,415217,477556,415717,478279,HG4,http://data.ordnancesurvey.co.uk/id/postcodedistrict/HG4,,,,,,,North Yorkshire,http://data.ordnancesurvey.co.uk/id/7000000000183627,http://data.ordnancesurvey.co.uk/ontology/admingeo/UnitaryAuthority,Yorkshire and the Humber,http://data.ordnancesurvey.co.uk/id/7000000000041430,England,http://data.ordnancesurvey.co.uk/id/country/england,,,
osgb4000000074729682,http://data.ordnancesurvey.co.uk/id/4000000074729682,Hardcastle Moor,,,,landcover,Other Landcover,410285,465904,20000,1300000,408817,464934,411849,466875,HG3,http://data.ordnancesurvey.co.uk/id/postcodedistrict/HG3,,,,,,,North Yorkshire,http://data.ordnancesurvey.co.uk/id/7000000000183627,http://data.ordnancesurvey.co.uk/ontology/admingeo/UnitaryAuthority,Yorkshire and the Humber,http://data.ordnancesurvey.co.uk/id/7000000000041430,England,http://data.ordnancesurvey.co.uk/id/country/england,,,
osgb4000000074803310,http://data.ordnancesurvey.co.uk/id/4000000074803310,Coverdale Tarn,,,,hydrography,Inland Water,407182,479479,1000,500000,406932,479230,407432,479730,HG3,http://data.ordnancesurvey.co.uk/id/postcodedistrict/HG3,,,,,,,North Yorkshire,http://data.ordnancesurvey.co.uk/id/7000000000183627,http://data.ordnancesurvey.co.uk/ontology/admingeo/UnitaryAuthority,Yorkshire and the Humber,http://data.ordnancesurvey.co.uk/id/7000000000041430,England,http://data.ordnancesurvey.co.uk/id/country/england,,,
osgb4000000074669454,http://data.ordnancesurvey.co.uk/id/4000000074669454,Spring Wood,,,,landcover,Woodland Or Forest,412933,470816,2000,400000,412666,470566,413166,471066,HG3,http://data.ordnancesurvey.co.uk/id/postcodedistrict/HG3,,,,,,,North Yorkshire,http://data.ordnancesurvey.co.uk/id/7000000000183627,http://data.ordnancesurvey.co.uk/ontology/admingeo/UnitaryAuthority,Yorkshire and the Humber,http://data.ordnancesurvey.co.uk/id/7000000000041430,England,http://data.ordnancesurvey.co.uk/id/country/england,,,
osgb4000000074783552,http://data.ordnancesurvey.co.uk/id/4000000074783552,Jordan Hill,,,,landform,Hill Or Mountain,416455,462417,1000,300000,416205,462167,416705,462667,HG3,http://data.ordnancesurvey.co.uk/id/postcodedistrict/HG3,,,,,,,North Yorkshire,http://data.ordnancesurvey.co.uk/id/7000000000183627,http://data.ordnancesurvey.co.uk/ontology/admingeo/UnitaryAuthority,Yorkshire and the Humber,http://data.ordnancesurvey.co.uk/id/7000000000041430,England,http://data.ordnancesurvey.co.uk/id/country/england,,,
osgb4000000074623885,http://data.ordnancesurvey.co.uk/id/4000000074623885,Water Gate Hill,,,,landform,Hill Or Mountain,414120,463709,1000,300000,413870,463459,414370,463959,HG3,http://data.ordnancesurvey.co.uk/id/postcodedistrict/HG3,,,,,,,North Yorkshire,http://data.ordnancesurvey.co.uk/id/7000000000183627,http://data.ordnancesurvey.co.uk/ontology/admingeo/UnitaryAuthority,Yorkshire and the Humber,http://data.ordnancesurvey.co.uk/id/7000000000041430,England,http://data.ordnancesurvey.co.uk/id/country/england,,,
osgb4000000074601438,http://data.ordnancesurvey.co.uk/id/4000000074601438,Stebden Hill,,,,landform,Hill Or Mountain,400230,460823,1000,300000,399980,460573,400480,461073,BD23,http://data.ordnancesurvey.co.uk/id/postcodedistrict/BD23,,,,,,,North Yorkshire,http://data.ordnancesurvey.co.uk/id/7000000000183627,http://data.ordnancesurvey.co.uk/ontology/admingeo/UnitaryAuthority,Yorkshire and the Humber,http://data.ordnancesurvey.co.uk/id/7000000000041430,England,http://data.ordnancesurvey.co.uk/id/country/england,,,
osgb4000000074812944,http://data.ordnancesurvey.co.uk/id/4000000074812944,Moor Allotments,,,,landcover,Other Landcover,406431,474495,7000,1300000,405899,474017,407000,474973,HG3,http://data.ordnancesurvey.co.uk/id/postcodedistrict/HG3,,,,,,,North Yorkshire,http://data.ordnancesurvey.co.uk/id/7000000000183627,http://data.ordnancesurvey.co.uk/ontology/admingeo/UnitaryAuthority,Yorkshire and the Humber,http://data.ordnancesurvey.co.uk/id/7000000000041430,England,http://data.ordnancesurvey.co.uk/id/country/england,,,
osgb4000000074730487,http://data.ordnancesurvey.co.uk/id/4000000074730487,Galloway Pasture,,,,landcover,Other Landcover,411185,463424,7000,1300000,410708,463149,411776,463699,HG3,http://data.ordnancesurvey.co.uk/id/postcodedistrict/HG3,,,,,,,North Yorkshire,http://data.ordnancesurvey.co.uk/id/7000000000183627,http://data.ordnancesurvey.co.uk/ontology/admingeo/UnitaryAuthority,Yorkshire and the Humber,http://data.ordnancesurvey.co.uk/id/7000000000041430,England,http://data.ordnancesurvey.co.uk/id/country/england,,,
osgb4000000074738092,http://data.ordnancesurvey.co.uk/id/4000000074738092,Mossy Moor,,,,landcover,Other Landcover,403271,464405,9000,1300000,402793,463736,403748,465105,BD23,http://data.ordnancesurvey.co.uk/id/postcodedistrict/BD23,,,,,,,North Yorkshire,http://data.ordnancesurvey.co.uk/id/7000000000183627,http://data.ordnancesurvey.co.uk/ontology/admingeo/UnitaryAuthority,Yorkshire and the Humber,http://data.ordnancesurvey.co.uk/id/7000000000041430,England,http://data.ordnancesurvey.co.uk/id/country/england,,,
osgb4000000074666149,http://data.ordnancesurvey.co.uk/id/4000000074666149,Crookin Wood,,,,landcover,Woodland Or Forest,417575,463701,2000,400000,417325,463445,417825,463945,HG3,http://data.ordnancesurvey.co.uk/id/postcodedistrict/HG3,,,,,,,North Yorkshire,http://data.ordnancesurvey.co.uk/id/7000000000183627,http://data.ordnancesurvey.co.uk/ontology/admingeo/UnitaryAuthority,Yorkshire and the Humber,http://data.ordnancesurvey.co.uk/id/7000000000041430,England,http://data.ordnancesurvey.co.uk/id/country/england,,,
osgb4000000074729988,http://data.ordnancesurvey.co.uk/id/4000000074729988,Stock Plain,,,,landcover,Other Landcover,417039,464647,3000,800000,416789,464406,417289,464906,HG3,http://data.ordnancesurvey.co.uk/id/postcodedistrict/HG3,,,,,,,North Yorkshire,http://data.ordnancesurvey.co.uk/id/7000000000183627,http://data.ordnancesurvey.co.uk/ontology/admingeo/UnitaryAuthority,Yorkshire and the Humber,http://data.ordnancesurvey.co.uk/id/7000000000041430,England,http://data.ordnancesurvey.co.uk/id/country/england,,,
osgb4000000074729777,http://data.ordnancesurvey.co.uk/id/4000000074729777,Angram Pasture,,,,landcover,Other Landcover,402551,476780,6000,1300000,402263,476287,402839,477274,DL8,http://data.ordnancesurvey.co.uk/id/postcodedistrict/DL8,,,,,,,North Yorkshire,http://data.ordnancesurvey.co.uk/id/7000000000183627,http://data.ordnancesurvey.co.uk/ontology/admingeo/UnitaryAuthority,Yorkshire and the Humber,http://data.ordnancesurvey.co.uk/id/7000000000041430,England,http://data.ordnancesurvey.co.uk/id/country/england,,,
osgb4000000074669042,http://data.ordnancesurvey.co.uk/id/4000000074669042,Ewe Close Wood,,,,landcover,Woodland Or Forest,404614,461142,5000,400000,404331,460892,405106,461392,BD23,http://data.ordnancesurvey.co.uk/id/postcodedistrict/BD23,,,,,,,North Yorkshire,http://data.ordnancesurvey.co.uk/id/7000000000183627,http://data.ordnancesurvey.co.uk/ontology/admingeo/UnitaryAuthority,Yorkshire and the Humber,http://data.ordnancesurvey.co.uk/id/7000000000041430,England,http://data.ordnancesurvey.co.uk/id/country/england,,,
osgb4000000074783584,http://data.ordnancesurvey.co.uk/id/4000000074783584,Baldcar Head,,,,landform,Other Landform,412661,479117,7000,15000,412209,478659,413280,479575,HG4,http://data.ordnancesurvey.co.uk/id/postcodedistrict/HG4,,,,,,,North Yorkshire,http://data.ordnancesurvey.co.uk/id/7000000000183627,http://data.ordnancesurvey.co.uk/ontology/admingeo/UnitaryAuthority,Yorkshire and the Humber,http://data.ordnancesurvey.co.uk/id/7000000000041430,England,http://data.ordnancesurvey.co.uk/id/country/england,,,
osgb4000000074730694,http://data.ordnancesurvey.co.uk/id/4000000074730694,Whin Pasture,,,,landcover,Other Landcover,410336,477124,4000,1300000,410039,476866,410633,477425,HG3,http://data.ordnancesurvey.co.uk/id/postcodedistrict/HG3,,,,,,,North Yorkshire,http://data.ordnancesurvey.co.uk/id/7000000000183627,http://data.ordnancesurvey.co.uk/ontology/admingeo/UnitaryAuthority,Yorkshire and the Humber,http://data.ordnancesurvey.co.uk/id/7000000000041430,England,http://data.ordnancesurvey.co.uk/id/country/england,,,
osgb4000000074621295,http://data.ordnancesurvey.co.uk/id/4000000074621295,Kail Hill,,,,landform,Hill Or Mountain,401561,461381,1000,300000,401311,461131,401811,461631,BD23,http://data.ordnancesurvey.co.uk/id/postcodedistrict/BD23,,,,,,,North Yorkshire,http://data.ordnancesurvey.co.uk/id/7000000000183627,http://data.ordnancesurvey.co.uk/ontology/admingeo/UnitaryAuthority,Yorkshire and the Humber,http://data.ordnancesurvey.co.uk/id/7000000000041430,England,http://data.ordnancesurvey.co.uk/id/country/england,,,
osgb4000000074783543,http://data.ordnancesurvey.co.uk/id/4000000074783543,Edge Hill,,,,landform,Hill Or Mountain,419024,469552,1000,300000,418774,469302,419274,469802,HG4,http://data.ordnancesurvey.co.uk/id/postcodedistrict/HG4,,,,,,,North Yorkshire,http://data.ordnancesurvey.co.uk/id/7000000000183627,http://data.ordnancesurvey.co.uk/ontology/admingeo/UnitaryAuthority,Yorkshire and the Humber,http://data.ordnancesurvey.co.uk/id/7000000000041430,England,http://data.ordnancesurvey.co.uk/id/country/england,,,
osgb4000000074600059,http://data.ordnancesurvey.co.uk/id/4000000074600059,Great Whernside,,,,landform,Hill Or Mountain,400196,473918,1000,300000,399946,473668,400446,474168,BD23,http://data.ordnancesurvey.co.uk/id/postcodedistrict/BD23,,,,,,,North Yorkshire,http://data.ordnancesurvey.co.uk/id/7000000000183627,http://data.ordnancesurvey.co.uk/ontology/admingeo/UnitaryAuthority,Yorkshire and the Humber,http://data.ordnancesurvey.co.uk/id/7000000000041430,England,http://data.ordnancesurvey.co.uk/id/country/england,,,
osgb4000000074813081,http://data.ordnancesurvey.co.uk/id/4000000074813081,North Side Allotment,,,,landcover,Other Landcover,408876,464567,13000,1300000,408062,463643,410132,465491,HG3,http://data.ordnancesurvey.co.uk/id/postcodedistrict/HG3,,,,,,,North Yorkshire,http://data.ordnancesurvey.co.uk/id/7000000000183627,http://data.ordnancesurvey.co.uk/ontology/admingeo/UnitaryAuthority,Yorkshire and the Humber,http://data.ordnancesurvey.co.uk/id/7000000000041430,England,http://data.ordnancesurvey.co.uk/id/country/england,,,
osgb4000000074783206,http://data.ordnancesurvey.co.uk/id/4000000074783206,Rough Hill,,,,landform,Hill Or Mountain,407308,464381,1000,300000,407058,464131,407558,464631,BD23,http://data.ordnancesurvey.co.uk/id/postcodedistrict/BD23,,,,,,,North Yorkshire,http://data.ordnancesurvey.co.uk/id/7000000000183627,http://data.ordnancesurvey.co.uk/ontology/admingeo/UnitaryAuthority,Yorkshire and the Humber,http://data.ordnancesurvey.co.uk/id/7000000000041430,England,http://data.ordnancesurvey.co.uk/id/country/england,,,
osgb4000000074670278,http://data.ordnancesurvey.co.uk/id/4000000074670278,Sampson's Wood,,,,landcover,Woodland Or Forest,409980,474338,3000,400000,409730,474098,410230,474598,HG3,http://data.ordnancesurvey.co.uk/id/postcodedistrict/HG3,,,,,,,North Yorkshire,http://data.ordnancesurvey.co.uk/id/7000000000183627,http://data.ordnancesurvey.co.uk/ontology/admingeo/UnitaryAuthority,Yorkshire and the Humber,http://data.ordnancesurvey.co.uk/id/7000000000041430,England,http://data.ordnancesurvey.co.uk/id/country/england,,,
osgb4000000074669870,http://data.ordnancesurvey.co.uk/id/4000000074669870,Broad Carr Plantation,,,,landcover,Woodland Or Forest,410959,471034,3000,400000,410612,470785,411112,471285,HG3,http://data.ordnancesurvey.co.uk/id/postcodedistrict/HG3,,,,,,,North Yorkshire,http://data.ordnancesurvey.co.uk/id/7000000000183627,http://data.ordnancesurvey.co.uk/ontology/admingeo/UnitaryAuthority,Yorkshire and the Humber,http://data.ordnancesurvey.co.uk/id/7000000000041430,England,http://data.ordnancesurvey.co.uk/id/country/england,,,
osgb4000000074809406,http://data.ordnancesurvey.co.uk/id/4000000074809406,Gouthwaite Reservoir,,,,hydrography,Inland Water,413096,469083,17000,500000,412043,468085,414149,470755,HG3,http://data.ordnancesurvey.co.uk/id/postcodedistrict/HG3,,,,,,,North Yorkshire,http://data.ordnancesurvey.co.uk/id/7000000000183627,http://data.ordnancesurvey.co.uk/ontology/admingeo/UnitaryAuthority,Yorkshire and the Humber,http://data.ordnancesurvey.co.uk/id/7000000000041430,England,http://data.ordnancesurvey.co.uk/id/country/england,,,
osgb4000000074724657,http://data.ordnancesurvey.co.uk/id/4000000074724657,Fell Bottom,,,,landform,Valley,400044,479289,4000,800000,399677,479040,400309,479540,DL8,http://data.ordnancesurvey.co.uk/id/postcodedistrict/DL8,,,,,,,North Yorkshire,http://data.ordnancesurvey.co.uk/id/7000000000183627,http://data.ordnancesurvey.co.uk/ontology/admingeo/UnitaryAuthority,Yorkshire and the Humber,http://data.ordnancesurvey.co.uk/id/7000000000041430,England,http://data.ordnancesurvey.co.uk/id/country/england,,,
osgb4000000074623931,http://data.ordnancesurvey.co.uk/id/4000000074623931,Nanny Knowles Wood,,,,landcover,Woodland Or Forest,414513,465295,3000,400000,414261,465046,414761,465546,HG3,http://data.ordnancesurvey.co.uk/id/postcodedistrict/HG3,,,,,,,North Yorkshire,http://data.ordnancesurvey.co.uk/id/7000000000183627,http://data.ordnancesurvey.co.uk/ontology/admingeo/UnitaryAuthority,Yorkshire and the Humber,http://data.ordnancesurvey.co.uk/id/7000000000041430,England,http://data.ordnancesurvey.co.uk/id/country/england,,,
osgb4000000074623999,http://data.ordnancesurvey.co.uk/id/4000000074623999,Carlhow Ridge Plantation,,,,landcover,Woodland Or Forest,413920,460476,6000,400000,413670,459968,414170,460844,HG3,http://data.ordnancesurvey.co.uk/id/postcodedistrict/HG3,,,,,,,North Yorkshire,http://data.ordnancesurvey.co.uk/id/7000000000183627,http://data.ordnancesurvey.co.uk/ontology/admingeo/UnitaryAuthority,Yorkshire and the Humber,http://data.ordnancesurvey.co.uk/id/7000000000041430,England,http://data.ordnancesurvey.co.uk/id/country/england,,,
osgb4000000074730292,http://data.ordnancesurvey.co.uk/id/4000000074730292,Green Hill Pasture,,,,landcover,Other Landcover,401097,467741,4000,800000,400763,467471,401421,468011,BD23,http://data.ordnancesurvey.co.uk/id/postcodedistrict/BD23,,,,,,,North Yorkshire,http://data.ordnancesurvey.co.uk/id/7000000000183627,http://data.ordnancesurvey.co.uk/ontology/admingeo/UnitaryAuthority,Yorkshire and the Humber,http://data.ordnancesurvey.co.uk/id/7000000000041430,England,http://data.ordnancesurvey.co.uk/id/country/england,,,
osgb4000000074730283,http://data.ordnancesurvey.co.uk/id/4000000074730283,Swetton Moor,,,,landcover,Other Landcover,418697,472736,7000,1300000,418142,472313,419185,473159,HG4,http://data.ordnancesurvey.co.uk/id/postcodedistrict/HG4,,,,,,,North Yorkshire,http://data.ordnancesurvey.co.uk/id/7000000000183627,http://data.ordnancesurvey.co.uk/ontology/admingeo/UnitaryAuthority,Yorkshire and the Humber,http://data.ordnancesurvey.co.uk/id/7000000000041430,England,http://data.ordnancesurvey.co.uk/id/country/england,,,
osgb4000000074730697,http://data.ordnancesurvey.co.uk/id/4000000074730697,Woodale Moss,,,,landcover,Other Landcover,407847,476266,5000,1300000,407498,476016,408280,476516,HG3,http://data.ordnancesurvey.co.uk/id/postcodedistrict/HG3,,,,,,,North Yorkshire,http://data.ordnancesurvey.co.uk/id/7000000000183627,http://data.ordnancesurvey.co.uk/ontology/admingeo/UnitaryAuthority,Yorkshire and the Humber,http://data.ordnancesurvey.co.uk/id/7000000000041430,England,http://data.ordnancesurvey.co.uk/id/country/england,,,
osgb4000000074813075,http://data.ordnancesurvey.co.uk/id/4000000074813075,Sun Side Allotment,,,,landcover,Other Landcover,409874,463282,7000,1300000,409325,462833,410423,463923,HG3,http://data.ordnancesurvey.co.uk/id/postcodedistrict/HG3,,,,,,,North Yorkshire,http://data.ordnancesurvey.co.uk/id/7000000000183627,http://data.ordnancesurvey.co.uk/ontology/admingeo/UnitaryAuthority,Yorkshire and the Humber,http://data.ordnancesurvey.co.uk/id/7000000000041430,England,http://data.ordnancesurvey.co.uk/id/country/england,,,
osgb4000000074730491,http://data.ordnancesurvey.co.uk/id/4000000074730491,North Side Moss,,,,landcover,Other Landcover,409352,464472,6000,1300000,408859,464000,409808,464945,HG3,http://data.ordnancesurvey.co.uk/id/postcodedistrict/HG3,,,,,,,North Yorkshire,http://data.ordnancesurvey.co.uk/id/7000000000183627,http://data.ordnancesurvey.co.uk/ontology/admingeo/UnitaryAuthority,Yorkshire and the Humber,http://data.ordnancesurvey.co.uk/id/7000000000041430,England,http://data.ordnancesurvey.co.uk/id/country/england,,,
osgb4000000074595977,http://data.ordnancesurvey.co.uk/id/4000000074595977,Braisty Woods,,,,landcover,Other Landcover,419856,463352,9000,800000,419173,462701,420538,464158,HG3,http://data.ordnancesurvey.co.uk/id/postcodedistrict/HG3,,,,,,,North Yorkshire,http://data.ordnancesurvey.co.uk/id/7000000000183627,http://data.ordnancesurvey.co.uk/ontology/admingeo/UnitaryAuthority,Yorkshire and the Humber,http://data.ordnancesurvey.co.uk/id/7000000000041430,England,http://data.ordnancesurvey.co.uk/id/country/england,,,
osgb4000000074738089,http://data.ordnancesurvey.co.uk/id/4000000074738089,Appletreewick Moor,,,,landcover,Other Landcover,406847,465596,26000,1300000,405342,462840,408353,466875,BD23,http://data.ordnancesurvey.co.uk/id/postcodedistrict/BD23,,,,,,,North Yorkshire,http://data.ordnancesurvey.co.uk/id/7000000000183627,http://data.ordnancesurvey.co.uk/ontology/admingeo/UnitaryAuthority,Yorkshire and the Humber,http://data.ordnancesurvey.co.uk/id/7000000000041430,England,http://data.ordnancesurvey.co.uk/id/country/england,,,
osgb4000000074818662,http://data.ordnancesurvey.co.uk/id/4000000074818662,Mill Dam,,,,hydrography,Inland Water,419746,465487,1000,35000,419496,465239,419996,465739,HG3,http://data.ordnancesurvey.co.uk/id/postcodedistrict/HG3,,,,,,,North Yorkshire,http://data.ordnancesurvey.co.uk/id/7000000000183627,http://data.ordnancesurvey.co.uk/ontology/admingeo/UnitaryAuthority,Yorkshire and the Humber,http://data.ordnancesurvey.co.uk/id/7000000000041430,England,http://data.ordnancesurvey.co.uk/id/country/england,,,
osgb4000000074730486,http://data.ordnancesurvey.co.uk/id/4000000074730486,Greenhow Moss,,,,landcover,Other Landcover,411975,463631,5000,800000,411571,463163,412379,463913,HG3,http://data.ordnancesurvey.co.uk/id/postcodedistrict/HG3,,,,,,,North Yorkshire,http://data.ordnancesurvey.co.uk/id/7000000000183627,http://data.ordnancesurvey.co.uk/ontology/admingeo/UnitaryAuthority,Yorkshire and the Humber,http://data.ordnancesurvey.co.uk/id/7000000000041430,England,http://data.ordnancesurvey.co.uk/id/country/england,,,
osgb4000000074730395,http://data.ordnancesurvey.co.uk/id/4000000074730395,Ramsgill Moor,,,,landcover,Other Landcover,408814,470874,19000,1300000,407088,469794,409945,471954,HG3,http://data.ordnancesurvey.co.uk/id/postcodedistrict/HG3,,,,,,,North Yorkshire,http://data.ordnancesurvey.co.uk/id/7000000000183627,http://data.ordnancesurvey.co.uk/ontology/admingeo/UnitaryAuthority,Yorkshire and the Humber,http://data.ordnancesurvey.co.uk/id/7000000000041430,England,http://data.ordnancesurvey.co.uk/id/country/england,,,
osgb4000000074730597,http://data.ordnancesurvey.co.uk/id/4000000074730597,Lodge Moor,,,,landcover,Other Landcover,401662,474636,25000,1300000,399814,473249,403687,476024,BD23,http://data.ordnancesurvey.co.uk/id/postcodedistrict/BD23,,,,,,,North Yorkshire,http://data.ordnancesurvey.co.uk/id/7000000000183627,http://data.ordnancesurvey.co.uk/ontology/admingeo/UnitaryAuthority,Yorkshire and the Humber,http://data.ordnancesurvey.co.uk/id/7000000000041430,England,http://data.ordnancesurvey.co.uk/id/country/england,,,
osgb4000000074772376,http://data.ordnancesurvey.co.uk/id/4000000074772376,Ratlock Hill,,,,landform,Hill Or Mountain,403225,462351,1000,300000,402975,462101,403475,462601,BD23,http://data.ordnancesurvey.co.uk/id/postcodedistrict/BD23,,,,,,,North Yorkshire,http://data.ordnancesurvey.co.uk/id/7000000000183627,http://data.ordnancesurvey.co.uk/ontology/admingeo/UnitaryAuthority,Yorkshire and the Humber,http://data.ordnancesurvey.co.uk/id/7000000000041430,England,http://data.ordnancesurvey.co.uk/id/country/england,,,
osgb4000000074783739,http://data.ordnancesurvey.co.uk/id/4000000074783739,High Hill,,,,landform,Hill Or Mountain,404806,467862,1000,300000,404556,467612,405056,468112,BD23,http://data.ordnancesurvey.co.uk/id/postcodedistrict/BD23,,,,,,,North Yorkshire,http://data.ordnancesurvey.co.uk/id/7000000000183627,http://data.ordnancesurvey.co.uk/ontology/admingeo/UnitaryAuthority,Yorkshire and the Humber,http://data.ordnancesurvey.co.uk/id/7000000000041430,England,http://data.ordnancesurvey.co.uk/id/country/england,,,
osgb4000000074810012,http://data.ordnancesurvey.co.uk/id/4000000074810012,Bullfront Waterfall,,,,hydrography,Waterfall,405736,467327,1000,15000,405486,467077,405986,467577,BD23,http://data.ordnancesurvey.co.uk/id/postcodedistrict/BD23,,,,,,,North Yorkshire,http://data.ordnancesurvey.co.uk/id/7000000000183627,http://data.ordnancesurvey.co.uk/ontology/admingeo/UnitaryAuthority,Yorkshire and the Humber,http://data.ordnancesurvey.co.uk/id/7000000000041430,England,http://data.ordnancesurvey.co.uk/id/country/england,,,
osgb4000000074625679,http://data.ordnancesurvey.co.uk/id/4000000074625679,Swinelops Wood,,,,landcover,Woodland Or Forest,413572,470039,3000,400000,413323,469784,413823,470284,HG3,http://data.ordnancesurvey.co.uk/id/postcodedistrict/HG3,,,,,,,North Yorkshire,http://data.ordnancesurvey.co.uk/id/7000000000183627,http://data.ordnancesurvey.co.uk/ontology/admingeo/UnitaryAuthority,Yorkshire and the Humber,http://data.ordnancesurvey.co.uk/id/7000000000041430,England,http://data.ordnancesurvey.co.uk/id/country/england,,,
osgb4000000074783679,http://data.ordnancesurvey.co.uk/id/4000000074783679,Bale Hill Rush,,,,landform,Hill Or Mountain,417878,463581,1000,300000,417628,463331,418128,463831,HG3,http://data.ordnancesurvey.co.uk/id/postcodedistrict/HG3,,,,,,,North Yorkshire,http://data.ordnancesurvey.co.uk/id/7000000000183627,http://data.ordnancesurvey.co.uk/ontology/admingeo/UnitaryAuthority,Yorkshire and the Humber,http://data.ordnancesurvey.co.uk/id/7000000000041430,England,http://data.ordnancesurvey.co.uk/id/country/england,,,
osgb4000000074783593,http://data.ordnancesurvey.co.uk/id/4000000074783593,Seeds Hill,,,,landform,Hill Or Mountain,400761,468028,1000,300000,400511,467778,401011,468278,BD23,http://data.ordnancesurvey.co.uk/id/postcodedistrict/BD23,,,,,,,North Yorkshire,http://data.ordnancesurvey.co.uk/id/7000000000183627,http://data.ordnancesurvey.co.uk/ontology/admingeo/UnitaryAuthority,Yorkshire and the Humber,http://data.ordnancesurvey.co.uk/id/7000000000041430,England,http://data.ordnancesurvey.co.uk/id/country/england,,,
osgb4000000074730404,http://data.ordnancesurvey.co.uk/id/4000000074730404,Ilton Moor,,,,landcover,Other Landcover,416993,476732,6000,1300000,416541,476429,417437,477035,HG4,http://data.ordnancesurvey.co.uk/id/postcodedistrict/HG4,,,,,,,North Yorkshire,http://data.ordnancesurvey.co.uk/id/7000000000183627,http://data.ordnancesurvey.co.uk/ontology/admingeo/UnitaryAuthority,Yorkshire and the Humber,http://data.ordnancesurvey.co.uk/id/7000000000041430,England,http://data.ordnancesurvey.co.uk/id/country/england,,,
osgb4000000074624128,http://data.ordnancesurvey.co.uk/id/4000000074624128,Russell's Plantation,,,,landcover,Woodland Or Forest,419687,466922,3000,400000,419437,466643,419937,467143,HG3,http://data.ordnancesurvey.co.uk/id/postcodedistrict/HG3,,,,,,,North Yorkshire,http://data.ordnancesurvey.co.uk/id/7000000000183627,http://data.ordnancesurvey.co.uk/ontology/admingeo/UnitaryAuthority,Yorkshire and the Humber,http://data.ordnancesurvey.co.uk/id/7000000000041430,England,http://data.ordnancesurvey.co.uk/id/country/england,,,
osgb4000000074794172,http://data.ordnancesurvey.co.uk/id/4000000074794172,Dobby Slack,,,,landcover,Wetland,412051,467198,2000,15000,411801,466966,412301,467466,HG3,http://data.ordnancesurvey.co.uk/id/postcodedistrict/HG3,,,,,,,North Yorkshire,http://data.ordnancesurvey.co.uk/id/7000000000183627,http://data.ordnancesurvey.co.uk/ontology/admingeo/UnitaryAuthority,Yorkshire and the Humber,http://data.ordnancesurvey.co.uk/id/7000000000041430,England,http://data.ordnancesurvey.co.uk/id/country/england,,,
osgb4000000074812943,http://data.ordnancesurvey.co.uk/id/4000000074812943,Kay Head Allotment,,,,landcover,Other Landcover,405731,475104,15000,1300000,404579,474211,406885,475997,HG3,http://data.ordnancesurvey.co.uk/id/postcodedistrict/HG3,,,,,,,North Yorkshire,http://data.ordnancesurvey.co.uk/id/7000000000183627,http://data.ordnancesurvey.co.uk/ontology/admingeo/UnitaryAuthority,Yorkshire and the Humber,http://data.ordnancesurvey.co.uk/id/7000000000041430,England,http://data.ordnancesurvey.co.uk/id/country/england,,,
osgb4000000074670302,http://data.ordnancesurvey.co.uk/id/4000000074670302,Foul Hole Wood,,,,landcover,Woodland Or Forest,409502,476693,1000,400000,409281,476443,409781,476943,HG3,http://data.ordnancesurvey.co.uk/id/postcodedistrict/HG3,,,,,,,North Yorkshire,http://data.ordnancesurvey.co.uk/id/7000000000183627,http://data.ordnancesurvey.co.uk/ontology/admingeo/UnitaryAuthority,Yorkshire and the Humber,http://data.ordnancesurvey.co.uk/id/7000000000041430,England,http://data.ordnancesurvey.co.uk/id/country/england,,,
osgb4000000074723720,http://data.ordnancesurvey.co.uk/id/4000000074723720,Round Hills,,,,landform,Hill Or Mountain,419845,467640,1000,300000,419595,467390,420095,467890,HG3,http://data.ordnancesurvey.co.uk/id/postcodedistrict/HG3,,,,,,,North Yorkshire,http://data.ordnancesurvey.co.uk/id/7000000000183627,http://data.ordnancesurvey.co.uk/ontology/admingeo/UnitaryAuthority,Yorkshire and the Humber,http://data.ordnancesurvey.co.uk/id/7000000000041430,England,http://data.ordnancesurvey.co.uk/id/country/england,,,
osgb4000000074601588,http://data.ordnancesurvey.co.uk/id/4000000074601588,High Ruckles,,,,landform,Hill Or Mountain,416514,468303,1000,300000,416264,468053,416764,468553,HG3,http://data.ordnancesurvey.co.uk/id/postcodedistrict/HG3,,,,,,,North Yorkshire,http://data.ordnancesurvey.co.uk/id/7000000000183627,http://data.ordnancesurvey.co.uk/ontology/admingeo/UnitaryAuthority,Yorkshire and the Humber,http://data.ordnancesurvey.co.uk/id/7000000000041430,England,http://data.ordnancesurvey.co.uk/id/country/england,,,
osgb4000000074593473,http://data.ordnancesurvey.co.uk/id/4000000074593473,Burnt Heath,,,,landcover,Other Landcover,418050,470443,13000,1300000,417055,470048,419074,470837,HG4,http://data.ordnancesurvey.co.uk/id/postcodedistrict/HG4,,,,,,,North Yorkshire,http://data.ordnancesurvey.co.uk/id/7000000000183627,http://data.ordnancesurvey.co.uk/ontology/admingeo/UnitaryAuthority,Yorkshire and the Humber,http://data.ordnancesurvey.co.uk/id/7000000000041430,England,http://data.ordnancesurvey.co.uk/id/country/england,,,
osgb4000000074729992,http://data.ordnancesurvey.co.uk/id/4000000074729992,Bog Moor,,,,landcover,Other Landcover,403839,465210,7000,1300000,403306,464793,404406,465627,BD23,http://data.ordnancesurvey.co.uk/id/postcodedistrict/BD23,,,,,,,North Yorkshire,http://data.ordnancesurvey.co.uk/id/7000000000183627,http://data.ordnancesurvey.co.uk/ontology/admingeo/UnitaryAuthority,Yorkshire and the Humber,http://data.ordnancesurvey.co.uk/id/7000000000041430,England,http://data.ordnancesurvey.co.uk/id/country/england,,,
osgb4000000074772368,http://data.ordnancesurvey.co.uk/id/4000000074772368,Dumpit Hill,,,,landform,Hill Or Mountain,402815,464124,1000,300000,402565,463874,403065,464374,BD23,http://data.ordnancesurvey.co.uk/id/postcodedistrict/BD23,,,,,,,North Yorkshire,http://data.ordnancesurvey.co.uk/id/7000000000183627,http://data.ordnancesurvey.co.uk/ontology/admingeo/UnitaryAuthority,Yorkshire and the Humber,http://data.ordnancesurvey.co.uk/id/7000000000041430,England,http://data.ordnancesurvey.co.uk/id/country/england,,,
osgb4000000074730080,http://data.ordnancesurvey.co.uk/id/4000000074730080,Sand Haw Moss,,,,landcover,Other Landcover,403866,466327,6000,1300000,403306,465968,404303,466686,BD23,http://data.ordnancesurvey.co.uk/id/postcodedistrict/BD23,,,,,,,North Yorkshire,http://data.ordnancesurvey.co.uk/id/7000000000183627,http://data.ordnancesurvey.co.uk/ontology/admingeo/UnitaryAuthority,Yorkshire and the Humber,http://data.ordnancesurvey.co.uk/id/7000000000041430,England,http://data.ordnancesurvey.co.uk/id/country/england,,,
osgb4000000074729698,http://data.ordnancesurvey.co.uk/id/4000000074729698,West House Pasture,,,,landcover,Other Landcover,403705,476378,5000,1300000,403280,476094,404053,476661,DL8,http://data.ordnancesurvey.co.uk/id/postcodedistrict/DL8,,,,,,,North Yorkshire,http://data.ordnancesurvey.co.uk/id/7000000000183627,http://data.ordnancesurvey.co.uk/ontology/admingeo/UnitaryAuthority,Yorkshire and the Humber,http://data.ordnancesurvey.co.uk/id/7000000000041430,England,http://data.ordnancesurvey.co.uk/id/country/england,,,
osgb4000000074624082,http://data.ordnancesurvey.co.uk/id/4000000074624082,Sandscar Wood,,,,landcover,Woodland Or Forest,411144,473763,2000,400000,410894,473585,411394,474085,HG3,http://data.ordnancesurvey.co.uk/id/postcodedistrict/HG3,,,,,,,North Yorkshire,http://data.ordnancesurvey.co.uk/id/7000000000183627,http://data.ordnancesurvey.co.uk/ontology/admingeo/UnitaryAuthority,Yorkshire and the Humber,http://data.ordnancesurvey.co.uk/id/7000000000041430,England,http://data.ordnancesurvey.co.uk/id/country/england,,,
osgb4000000074729990,http://data.ordnancesurvey.co.uk/id/4000000074729990,Dumpit Hill Moss,,,,landcover,Other Landcover,403109,464027,4000,1300000,402793,463729,403428,464324,BD23,http://data.ordnancesurvey.co.uk/id/postcodedistrict/BD23,,,,,,,North Yorkshire,http://data.ordnancesurvey.co.uk/id/7000000000183627,http://data.ordnancesurvey.co.uk/ontology/admingeo/UnitaryAuthority,Yorkshire and the Humber,http://data.ordnancesurvey.co.uk/id/7000000000041430,England,http://data.ordnancesurvey.co.uk/id/country/england,,,
osgb4000000074625204,http://data.ordnancesurvey.co.uk/id/4000000074625204,Sole Beck Plantation,,,,landcover,Woodland Or Forest,418518,478437,3000,400000,418268,478202,418768,478702,HG4,http://data.ordnancesurvey.co.uk/id/postcodedistrict/HG4,,,,,,,North Yorkshire,http://data.ordnancesurvey.co.uk/id/7000000000183627,http://data.ordnancesurvey.co.uk/ontology/admingeo/UnitaryAuthority,Yorkshire and the Humber,http://data.ordnancesurvey.co.uk/id/7000000000041430,England,http://data.ordnancesurvey.co.uk/id/country/england,,,
osgb4000000074783791,http://data.ordnancesurvey.co.uk/id/4000000074783791,Scabbed Hill,,,,landform,Hill Or Mountain,404956,466519,1000,300000,404706,466269,405206,466769,BD23,http://data.ordnancesurvey.co.uk/id/postcodedistrict/BD23,,,,,,,North Yorkshire,http://data.ordnancesurvey.co.uk/id/7000000000183627,http://data.ordnancesurvey.co.uk/ontology/admingeo/UnitaryAuthority,Yorkshire and the Humber,http://data.ordnancesurvey.co.uk/id/7000000000041430,England,http://data.ordnancesurvey.co.uk/id/country/england,,,
osgb4000000074729765,http://data.ordnancesurvey.co.uk/id/4000000074729765,Brown Hill Plain,,,,landcover,Other Landcover,409529,467155,6000,1300000,409046,466702,409921,467607,HG3,http://data.ordnancesurvey.co.uk/id/postcodedistrict/HG3,,,,,,,North Yorkshire,http://data.ordnancesurvey.co.uk/id/7000000000183627,http://data.ordnancesurvey.co.uk/ontology/admingeo/UnitaryAuthority,Yorkshire and the Humber,http://data.ordnancesurvey.co.uk/id/7000000000041430,England,http://data.ordnancesurvey.co.uk/id/country/england,,,
osgb4000000074666970,http://data.ordnancesurvey.co.uk/id/4000000074666970,Foul Hole Wood,,,,landcover,Woodland Or Forest,414225,468341,1000,400000,413973,468092,414473,468592,HG3,http://data.ordnancesurvey.co.uk/id/postcodedistrict/HG3,,,,,,,North Yorkshire,http://data.ordnancesurvey.co.uk/id/7000000000183627,http://data.ordnancesurvey.co.uk/ontology/admingeo/UnitaryAuthority,Yorkshire and the Humber,http://data.ordnancesurvey.co.uk/id/7000000000041430,England,http://data.ordnancesurvey.co.uk/id/country/england,,,
osgb4000000074671121,http://data.ordnancesurvey.co.uk/id/4000000074671121,Stonefold Wood,,,,landcover,Woodland Or Forest,418477,479637,2000,400000,418228,479395,418728,479895,HG4,http://data.ordnancesurvey.co.uk/id/postcodedistrict/HG4,,,,,,,North Yorkshire,http://data.ordnancesurvey.co.uk/id/7000000000183627,http://data.ordnancesurvey.co.uk/ontology/admingeo/UnitaryAuthority,Yorkshire and the Humber,http://data.ordnancesurvey.co.uk/id/7000000000041430,England,http://data.ordnancesurvey.co.uk/id/country/england,,,
osgb4000000074669038,http://data.ordnancesurvey.co.uk/id/4000000074669038,Low Banks Plantation,,,,landcover,Woodland Or Forest,402794,461843,2000,400000,402544,461599,403044,462099,BD23,http://data.ordnancesurvey.co.uk/id/postcodedistrict/BD23,,,,,,,North Yorkshire,http://data.ordnancesurvey.co.uk/id/7000000000183627,http://data.ordnancesurvey.co.uk/ontology/admingeo/UnitaryAuthority,Yorkshire and the Humber,http://data.ordnancesurvey.co.uk/id/7000000000041430,England,http://data.ordnancesurvey.co.uk/id/country/england,,,
osgb4000000074625867,http://data.ordnancesurvey.co.uk/id/4000000074625867,Helks Wood,,,,landcover,Woodland Or Forest,412997,471992,6000,400000,412361,471647,413216,472338,HG3,http://data.ordnancesurvey.co.uk/id/postcodedistrict/HG3,,,,,,,North Yorkshire,http://data.ordnancesurvey.co.uk/id/7000000000183627,http://data.ordnancesurvey.co.uk/ontology/admingeo/UnitaryAuthority,Yorkshire and the Humber,http://data.ordnancesurvey.co.uk/id/7000000000041430,England,http://data.ordnancesurvey.co.uk/id/country/england,,,
osgb4000000074602008,http://data.ordnancesurvey.co.uk/id/4000000074602008,Shortlick Hill,,,,landform,Hill Or Mountain,416120,476378,1000,300000,415870,476128,416370,476628,HG4,http://data.ordnancesurvey.co.uk/id/postcodedistrict/HG4,,,,,,,North Yorkshire,http://data.ordnancesurvey.co.uk/id/7000000000183627,http://data.ordnancesurvey.co.uk/ontology/admingeo/UnitaryAuthority,Yorkshire and the Humber,http://data.ordnancesurvey.co.uk/id/7000000000041430,England,http://data.ordnancesurvey.co.uk/id/country/england,,,
osgb4000000074783443,http://data.ordnancesurvey.co.uk/id/4000000074783443,Well Hill,,,,landform,Hill Or Mountain,405405,464359,1000,300000,405155,464109,405655,464609,BD23,http://data.ordnancesurvey.co.uk/id/postcodedistrict/BD23,,,,,,,North Yorkshire,http://data.ordnancesurvey.co.uk/id/7000000000183627,http://data.ordnancesurvey.co.uk/ontology/admingeo/UnitaryAuthority,Yorkshire and the Humber,http://data.ordnancesurvey.co.uk/id/7000000000041430,England,http://data.ordnancesurvey.co.uk/id/country/england,,,
osgb4000000074794852,http://data.ordnancesurvey.co.uk/id/4000000074794852,Hell Hole,,,,landcover,Wetland,418102,468473,3000,15000,417852,468202,418352,468702,HG3,http://data.ordnancesurvey.co.uk/id/postcodedistrict/HG3,,,,,,,North Yorkshire,http://data.ordnancesurvey.co.uk/id/7000000000183627,http://data.ordnancesurvey.co.uk/ontology/admingeo/UnitaryAuthority,Yorkshire and the Humber,http://data.ordnancesurvey.co.uk/id/7000000000041430,England,http://data.ordnancesurvey.co.uk/id/country/england,,,
osgb4000000074730072,http://data.ordnancesurvey.co.uk/id/4000000074730072,Nought Moor,,,,landcover,Other Landcover,415298,463657,6000,1300000,414971,463407,415838,463907,HG3,http://data.ordnancesurvey.co.uk/id/postcodedistrict/HG3,,,,,,,North Yorkshire,http://data.ordnancesurvey.co.uk/id/7000000000183627,http://data.ordnancesurvey.co.uk/ontology/admingeo/UnitaryAuthority,Yorkshire and the Humber,http://data.ordnancesurvey.co.uk/id/7000000000041430,England,http://data.ordnancesurvey.co.uk/id/country/england,,,
osgb4000000074729607,http://data.ordnancesurvey.co.uk/id/4000000074729607,Nussey Green,,,,landcover,Other Landcover,407617,462809,6000,1300000,407095,462402,408022,463216,HG3,http://data.ordnancesurvey.co.uk/id/postcodedistrict/HG3,,,,,,,North Yorkshire,http://data.ordnancesurvey.co.uk/id/7000000000183627,http://data.ordnancesurvey.co.uk/ontology/admingeo/UnitaryAuthority,Yorkshire and the Humber,http://data.ordnancesurvey.co.uk/id/7000000000041430,England,http://data.ordnancesurvey.co.uk/id/country/england,,,
osgb4000000074795790,http://data.ordnancesurvey.co.uk/id/4000000074795790,Linton Falls,,,,hydrography,Waterfall,400141,463310,1000,15000,399888,463060,400388,463560,BD23,http://data.ordnancesurvey.co.uk/id/postcodedistrict/BD23,,,,,,,North Yorkshire,http://data.ordnancesurvey.co.uk/id/7000000000183627,http://data.ordnancesurvey.co.uk/ontology/admingeo/UnitaryAuthority,Yorkshire and the Humber,http://data.ordnancesurvey.co.uk/id/7000000000041430,England,http://data.ordnancesurvey.co.uk/id/country/england,,,
osgb4000000074625677,http://data.ordnancesurvey.co.uk/id/4000000074625677,North Wood,,,,landcover,Woodland Or Forest,418726,471484,4000,400000,418382,471235,419021,471735,HG4,http://data.ordnancesurvey.co.uk/id/postcodedistrict/HG4,,,,,,,North Yorkshire,http://data.ordnancesurvey.co.uk/id/7000000000183627,http://data.ordnancesurvey.co.uk/ontology/admingeo/UnitaryAuthority,Yorkshire and the Humber,http://data.ordnancesurvey.co.uk/id/7000000000041430,England,http://data.ordnancesurvey.co.uk/id/country/england,,,
osgb4000000074783675,http://data.ordnancesurvey.co.uk/id/4000000074783675,Trunla Hill,,,,landform,Hill Or Mountain,406910,465985,1000,300000,406660,465735,407160,466235,BD23,http://data.ordnancesurvey.co.uk/id/postcodedistrict/BD23,,,,,,,North Yorkshire,http://data.ordnancesurvey.co.uk/id/7000000000183627,http://data.ordnancesurvey.co.uk/ontology/admingeo/UnitaryAuthority,Yorkshire and the Humber,http://data.ordnancesurvey.co.uk/id/7000000000041430,England,http://data.ordnancesurvey.co.uk/id/country/england,,,
osgb4000000074816031,http://data.ordnancesurvey.co.uk/id/4000000074816031,Thistle Hill,,,,landform,Hill Or Mountain,416928,473994,1000,300000,416678,473744,417178,474244,HG4,http://data.ordnancesurvey.co.uk/id/postcodedistrict/HG4,,,,,,,North Yorkshire,http://data.ordnancesurvey.co.uk/id/7000000000183627,http://data.ordnancesurvey.co.uk/ontology/admingeo/UnitaryAuthority,Yorkshire and the Humber,http://data.ordnancesurvey.co.uk/id/7000000000041430,England,http://data.ordnancesurvey.co.uk/id/country/england,,,
osgb4000000074730485,http://data.ordnancesurvey.co.uk/id/4000000074730485,Combs Fell,,,,landcover,Other Landcover,413736,474805,5000,1300000,413300,474529,414096,475082,HG4,http://data.ordnancesurvey.co.uk/id/postcodedistrict/HG4,,,,,,,North Yorkshire,http://data.ordnancesurvey.co.uk/id/7000000000183627,http://data.ordnancesurvey.co.uk/ontology/admingeo/UnitaryAuthority,Yorkshire and the Humber,http://data.ordnancesurvey.co.uk/id/7000000000041430,England,http://data.ordnancesurvey.co.uk/id/country/england,,,
osgb4000000074729619,http://data.ordnancesurvey.co.uk/id/4000000074729619,Bull Brae,,,,landcover,Other Landcover,408608,477569,5000,1300000,408212,477319,408946,477819,HG3,http://data.ordnancesurvey.co.uk/id/postcodedistrict/HG3,,,,,,,North Yorkshire,http://data.ordnancesurvey.co.uk/id/7000000000183627,http://data.ordnancesurvey.co.uk/ontology/admingeo/UnitaryAuthority,Yorkshire and the Humber,http://data.ordnancesurvey.co.uk/id/7000000000041430,England,http://data.ordnancesurvey.co.uk/id/country/england,,,
osgb4000000074738272,http://data.ordnancesurvey.co.uk/id/4000000074738272,Nanny Pasture,,,,landcover,Other Landcover,415548,461363,1000,800000,415306,461114,415806,461614,HG3,http://data.ordnancesurvey.co.uk/id/postcodedistrict/HG3,,,,,,,North Yorkshire,http://data.ordnancesurvey.co.uk/id/7000000000183627,http://data.ordnancesurvey.co.uk/ontology/admingeo/UnitaryAuthority,Yorkshire and the Humber,http://data.ordnancesurvey.co.uk/id/7000000000041430,England,http://data.ordnancesurvey.co.uk/id/country/england,,,
osgb4000000074772375,http://data.ordnancesurvey.co.uk/id/4000000074772375,Knot Hill,,,,landform,Hill Or Mountain,403594,463421,1000,300000,403344,463171,403844,463671,BD23,http://data.ordnancesurvey.co.uk/id/postcodedistrict/BD23,,,,,,,North Yorkshire,http://data.ordnancesurvey.co.uk/id/7000000000183627,http://data.ordnancesurvey.co.uk/ontology/admingeo/UnitaryAuthority,Yorkshire and the Humber,http://data.ordnancesurvey.co.uk/id/7000000000041430,England,http://data.ordnancesurvey.co.uk/id/country/england,,,
osgb4000000074625862,http://data.ordnancesurvey.co.uk/id/4000000074625862,Ashfold Side Plantation,,,,landcover,Woodland Or Forest,412066,466461,2000,400000,411816,466206,412316,466706,HG3,http://data.ordnancesurvey.co.uk/id/postcodedistrict/HG3,,,,,,,North Yorkshire,http://data.ordnancesurvey.co.uk/id/7000000000183627,http://data.ordnancesurvey.co.uk/ontology/admingeo/UnitaryAuthority,Yorkshire and the Humber,http://data.ordnancesurvey.co.uk/id/7000000000041430,England,http://data.ordnancesurvey.co.uk/id/country/england,,,
osgb4000000074623996,http://data.ordnancesurvey.co.uk/id/4000000074623996,Hag Pits,,,,landcover,Woodland Or Forest,418740,462191,4000,400000,418411,461920,419068,462496,HG3,http://data.ordnancesurvey.co.uk/id/postcodedistrict/HG3,,,,,,,North Yorkshire,http://data.ordnancesurvey.co.uk/id/7000000000183627,http://data.ordnancesurvey.co.uk/ontology/admingeo/UnitaryAuthority,Yorkshire and the Humber,http://data.ordnancesurvey.co.uk/id/7000000000041430,England,http://data.ordnancesurvey.co.uk/id/country/england,,,
osgb4000000074738277,http://data.ordnancesurvey.co.uk/id/4000000074738277,Hebden Moor,,,,landcover,Other Landcover,404124,464464,24000,800000,402405,462695,405844,466418,BD23,http://data.ordnancesurvey.co.uk/id/postcodedistrict/BD23,,,,,,,North Yorkshire,http://data.ordnancesurvey.co.uk/id/7000000000183627,http://data.ordnancesurvey.co.uk/ontology/admingeo/UnitaryAuthority,Yorkshire and the Humber,http://data.ordnancesurvey.co.uk/id/7000000000041430,England,http://data.ordnancesurvey.co.uk/id/country/england,,,
osgb4000000074739721,http://data.ordnancesurvey.co.uk/id/4000000074739721,Woodale Moor,,,,landcover,Other Landcover,400697,479889,11000,1300000,399814,479139,401579,480705,DL8,http://data.ordnancesurvey.co.uk/id/postcodedistrict/DL8,,,,,,,North Yorkshire,http://data.ordnancesurvey.co.uk/id/7000000000183627,http://data.ordnancesurvey.co.uk/ontology/admingeo/UnitaryAuthority,Yorkshire and the Humber,http://data.ordnancesurvey.co.uk/id/7000000000041430,England,http://data.ordnancesurvey.co.uk/id/country/england,,,
osgb4000000074729835,http://data.ordnancesurvey.co.uk/id/4000000074729835,Trunla Flat,,,,landcover,Other Landcover,407033,465808,4000,1300000,406787,465519,407299,466096,BD23,http://data.ordnancesurvey.co.uk/id/postcodedistrict/BD23,,,,,,,North Yorkshire,http://data.ordnancesurvey.co.uk/id/7000000000183627,http://data.ordnancesurvey.co.uk/ontology/admingeo/UnitaryAuthority,Yorkshire and the Humber,http://data.ordnancesurvey.co.uk/id/7000000000041430,England,http://data.ordnancesurvey.co.uk/id/country/england,,,
osgb4000000074625492,http://data.ordnancesurvey.co.uk/id/4000000074625492,Skell Gill Wood,,,,landcover,Woodland Or Forest,419901,468931,9000,400000,419511,468513,420831,469349,HG4,http://data.ordnancesurvey.co.uk/id/postcodedistrict/HG4,,,,,,,North Yorkshire,http://data.ordnancesurvey.co.uk/id/7000000000183627,http://data.ordnancesurvey.co.uk/ontology/admingeo/UnitaryAuthority,Yorkshire and the Humber,http://data.ordnancesurvey.co.uk/id/7000000000041430,England,http://data.ordnancesurvey.co.uk/id/country/england,,,
osgb4000000074729903,http://data.ordnancesurvey.co.uk/id/4000000074729903,Wolfrey Moss,,,,landcover,Other Landcover,406485,467508,7000,1300000,405913,466976,407058,467944,BD23,http://data.ordnancesurvey.co.uk/id/postcodedistrict/BD23,,,,,,,North Yorkshire,http://data.ordnancesurvey.co.uk/id/7000000000183627,http://data.ordnancesurvey.co.uk/ontology/admingeo/UnitaryAuthority,Yorkshire and the Humber,http://data.ordnancesurvey.co.uk/id/7000000000041430,England,http://data.ordnancesurvey.co.uk/id/country/england,,,
osgb4000000074670714,http://data.ordnancesurvey.co.uk/id/4000000074670714,Burgess Bank Wood,,,,landcover,Woodland Or Forest,416699,478794,4000,400000,416449,478544,416949,479152,HG4,http://data.ordnancesurvey.co.uk/id/postcodedistrict/HG4,,,,,,,North Yorkshire,http://data.ordnancesurvey.co.uk/id/7000000000183627,http://data.ordnancesurvey.co.uk/ontology/admingeo/UnitaryAuthority,Yorkshire and the Humber,http://data.ordnancesurvey.co.uk/id/7000000000041430,England,http://data.ordnancesurvey.co.uk/id/country/england,,,
osgb4000000074601594,http://data.ordnancesurvey.co.uk/id/4000000074601594,Hambleton Hill,,,,landform,Hill Or Mountain,414885,473198,1000,300000,414635,472948,415135,473448,HG4,http://data.ordnancesurvey.co.uk/id/postcodedistrict/HG4,,,,,,,North Yorkshire,http://data.ordnancesurvey.co.uk/id/7000000000183627,http://data.ordnancesurvey.co.uk/ontology/admingeo/UnitaryAuthority,Yorkshire and the Humber,http://data.ordnancesurvey.co.uk/id/7000000000041430,England,http://data.ordnancesurvey.co.uk/id/country/england,,,
osgb4000000074729775,http://data.ordnancesurvey.co.uk/id/4000000074729775,Cocklake Flat,,,,landcover,Other Landcover,402454,475262,4000,1300000,402144,475012,402762,475512,DL8,http://data.ordnancesurvey.co.uk/id/postcodedistrict/DL8,,,,,,,North Yorkshire,http://data.ordnancesurvey.co.uk/id/7000000000183627,http://data.ordnancesurvey.co.uk/ontology/admingeo/UnitaryAuthority,Yorkshire and the Humber,http://data.ordnancesurvey.co.uk/id/7000000000041430,England,http://data.ordnancesurvey.co.uk/id/country/england,,,
osgb4000000074729905,http://data.ordnancesurvey.co.uk/id/4000000074729905,Hartlington Pasture,,,,landcover,Other Landcover,405108,464195,10000,800000,404367,463547,405856,464842,BD23,http://data.ordnancesurvey.co.uk/id/postcodedistrict/BD23,,,,,,,North Yorkshire,http://data.ordnancesurvey.co.uk/id/7000000000183627,http://data.ordnancesurvey.co.uk/ontology/admingeo/UnitaryAuthority,Yorkshire and the Humber,http://data.ordnancesurvey.co.uk/id/7000000000041430,England,http://data.ordnancesurvey.co.uk/id/country/england,,,
osgb4000000074601592,http://data.ordnancesurvey.co.uk/id/4000000074601592,Howson Ridge,,,,landform,Hill Or Mountain,415602,468941,1000,300000,415352,468691,415852,469191,HG3,http://data.ordnancesurvey.co.uk/id/postcodedistrict/HG3,,,,,,,North Yorkshire,http://data.ordnancesurvey.co.uk/id/7000000000183627,http://data.ordnancesurvey.co.uk/ontology/admingeo/UnitaryAuthority,Yorkshire and the Humber,http://data.ordnancesurvey.co.uk/id/7000000000041430,England,http://data.ordnancesurvey.co.uk/id/country/england,,,
osgb4000000074601731,http://data.ordnancesurvey.co.uk/id/4000000074601731,Summer Edge,,,,landform,Hill Or Mountain,414622,474319,1000,300000,414372,474069,414872,474569,HG4,http://data.ordnancesurvey.co.uk/id/postcodedistrict/HG4,,,,,,,North Yorkshire,http://data.ordnancesurvey.co.uk/id/7000000000183627,http://data.ordnancesurvey.co.uk/ontology/admingeo/UnitaryAuthority,Yorkshire and the Humber,http://data.ordnancesurvey.co.uk/id/7000000000041430,England,http://data.ordnancesurvey.co.uk/id/country/england,,,
osgb4000000074596510,http://data.ordnancesurvey.co.uk/id/4000000074596510,Low Moor,,,,landcover,Other Landcover,414750,463684,4000,1300000,414500,463382,415000,463983,HG3,http://data.ordnancesurvey.co.uk/id/postcodedistrict/HG3,,,,,,,North Yorkshire,http://data.ordnancesurvey.co.uk/id/7000000000183627,http://data.ordnancesurvey.co.uk/ontology/admingeo/UnitaryAuthority,Yorkshire and the Humber,http://data.ordnancesurvey.co.uk/id/7000000000041430,England,http://data.ordnancesurvey.co.uk/id/country/england,,,
osgb4000000074624112,http://data.ordnancesurvey.co.uk/id/4000000074624112,Firth Plantation,,,,landcover,Woodland Or Forest,407547,477557,1000,400000,407298,477304,407798,477804,HG3,http://data.ordnancesurvey.co.uk/id/postcodedistrict/HG3,,,,,,,North Yorkshire,http://data.ordnancesurvey.co.uk/id/7000000000183627,http://data.ordnancesurvey.co.uk/ontology/admingeo/UnitaryAuthority,Yorkshire and the Humber,http://data.ordnancesurvey.co.uk/id/7000000000041430,England,http://data.ordnancesurvey.co.uk/id/country/england,,,
osgb4000000074624110,http://data.ordnancesurvey.co.uk/id/4000000074624110,Island Nursery Plantation,,,,landcover,Woodland Or Forest,408604,477184,2000,400000,408445,476934,408945,477434,HG3,http://data.ordnancesurvey.co.uk/id/postcodedistrict/HG3,,,,,,,North Yorkshire,http://data.ordnancesurvey.co.uk/id/7000000000183627,http://data.ordnancesurvey.co.uk/ontology/admingeo/UnitaryAuthority,Yorkshire and the Humber,http://data.ordnancesurvey.co.uk/id/7000000000041430,England,http://data.ordnancesurvey.co.uk/id/country/england,,,
osgb4000000074730178,http://data.ordnancesurvey.co.uk/id/4000000074730178,Flat Moss,,,,landcover,Other Landcover,403911,468741,7000,1300000,403496,468114,404326,469255,BD23,http://data.ordnancesurvey.co.uk/id/postcodedistrict/BD23,,,,,,,North Yorkshire,http://data.ordnancesurvey.co.uk/id/7000000000183627,http://data.ordnancesurvey.co.uk/ontology/admingeo/UnitaryAuthority,Yorkshire and the Humber,http://data.ordnancesurvey.co.uk/id/7000000000041430,England,http://data.ordnancesurvey.co.uk/id/country/england,,,
osgb4000000074729907,http://data.ordnancesurvey.co.uk/id/4000000074729907,Dumpit Hill Flat,,,,landcover,Other Landcover,403186,463514,3000,1300000,402924,463277,403449,463777,BD23,http://data.ordnancesurvey.co.uk/id/postcodedistrict/BD23,,,,,,,North Yorkshire,http://data.ordnancesurvey.co.uk/id/7000000000183627,http://data.ordnancesurvey.co.uk/ontology/admingeo/UnitaryAuthority,Yorkshire and the Humber,http://data.ordnancesurvey.co.uk/id/7000000000041430,England,http://data.ordnancesurvey.co.uk/id/country/england,,,
osgb4000000074665734,http://data.ordnancesurvey.co.uk/id/4000000074665734,Gill Wood,,,,landcover,Woodland Or Forest,419310,462607,2000,400000,419061,462374,419561,462874,HG3,http://data.ordnancesurvey.co.uk/id/postcodedistrict/HG3,,,,,,,North Yorkshire,http://data.ordnancesurvey.co.uk/id/7000000000183627,http://data.ordnancesurvey.co.uk/ontology/admingeo/UnitaryAuthority,Yorkshire and the Humber,http://data.ordnancesurvey.co.uk/id/7000000000041430,England,http://data.ordnancesurvey.co.uk/id/country/england,,,
osgb4000000074730081,http://data.ordnancesurvey.co.uk/id/4000000074730081,Game Ing Flat,,,,landcover,Other Landcover,405541,467354,2000,1300000,405291,467073,405791,467573,BD23,http://data.ordnancesurvey.co.uk/id/postcodedistrict/BD23,,,,,,,North Yorkshire,http://data.ordnancesurvey.co.uk/id/7000000000183627,http://data.ordnancesurvey.co.uk/ontology/admingeo/UnitaryAuthority,Yorkshire and the Humber,http://data.ordnancesurvey.co.uk/id/7000000000041430,England,http://data.ordnancesurvey.co.uk/id/country/england,,,
osgb4000000074666558,http://data.ordnancesurvey.co.uk/id/4000000074666558,White Wood,,,,landcover,Woodland Or Forest,415091,464385,2000,400000,414794,464135,415294,464635,HG3,http://data.ordnancesurvey.co.uk/id/postcodedistrict/HG3,,,,,,,North Yorkshire,http://data.ordnancesurvey.co.uk/id/7000000000183627,http://data.ordnancesurvey.co.uk/ontology/admingeo/UnitaryAuthority,Yorkshire and the Humber,http://data.ordnancesurvey.co.uk/id/7000000000041430,England,http://data.ordnancesurvey.co.uk/id/country/england,,,
osgb4000000074617826,http://data.ordnancesurvey.co.uk/id/4000000074617826,Langerton Hill,,,,landform,Hill Or Mountain,404172,462190,1000,300000,403922,461940,404422,462440,BD23,http://data.ordnancesurvey.co.uk/id/postcodedistrict/BD23,,,,,,,North Yorkshire,http://data.ordnancesurvey.co.uk/id/7000000000183627,http://data.ordnancesurvey.co.uk/ontology/admingeo/UnitaryAuthority,Yorkshire and the Humber,http://data.ordnancesurvey.co.uk/id/7000000000041430,England,http://data.ordnancesurvey.co.uk/id/country/england,,,
osgb4000000074730179,http://data.ordnancesurvey.co.uk/id/4000000074730179,Grassington Moor,,,,landcover,Other Landcover,403104,468177,19000,1300000,401665,466827,404543,469423,BD23,http://data.ordnancesurvey.co.uk/id/postcodedistrict/BD23,,,,,,,North Yorkshire,http://data.ordnancesurvey.co.uk/id/7000000000183627,http://data.ordnancesurvey.co.uk/ontology/admingeo/UnitaryAuthority,Yorkshire and the Humber,http://data.ordnancesurvey.co.uk/id/7000000000041430,England,http://data.ordnancesurvey.co.uk/id/country/england,,,
osgb4000000074783190,http://data.ordnancesurvey.co.uk/id/4000000074783190,Pudding Hill,,,,landform,Hill Or Mountain,404185,476573,1000,300000,403935,476323,404435,476823,HG3,http://data.ordnancesurvey.co.uk/id/postcodedistrict/HG3,,,,,,,North Yorkshire,http://data.ordnancesurvey.co.uk/id/7000000000183627,http://data.ordnancesurvey.co.uk/ontology/admingeo/UnitaryAuthority,Yorkshire and the Humber,http://data.ordnancesurvey.co.uk/id/7000000000041430,England,http://data.ordnancesurvey.co.uk/id/country/england,,,
osgb4000000074666971,http://data.ordnancesurvey.co.uk/id/4000000074666971,West Wood,,,,landcover,Woodland Or Forest,413504,467992,4000,400000,413147,467742,413793,468242,HG3,http://data.ordnancesurvey.co.uk/id/postcodedistrict/HG3,,,,,,,North Yorkshire,http://data.ordnancesurvey.co.uk/id/7000000000183627,http://data.ordnancesurvey.co.uk/ontology/admingeo/UnitaryAuthority,Yorkshire and the Humber,http://data.ordnancesurvey.co.uk/id/7000000000041430,England,http://data.ordnancesurvey.co.uk/id/country/england,,,
osgb4000000074625352,http://data.ordnancesurvey.co.uk/id/4000000074625352,Sykes Wood,,,,landcover,Woodland Or Forest,418350,479032,3000,400000,418100,478844,418600,479347,HG4,http://data.ordnancesurvey.co.uk/id/postcodedistrict/HG4,,,,,,,North Yorkshire,http://data.ordnancesurvey.co.uk/id/7000000000183627,http://data.ordnancesurvey.co.uk/ontology/admingeo/UnitaryAuthority,Yorkshire and the Humber,http://data.ordnancesurvey.co.uk/id/7000000000041430,England,http://data.ordnancesurvey.co.uk/id/country/england,,,
osgb4000000074738050,http://data.ordnancesurvey.co.uk/id/4000000074738050,Church Green,,,,landcover,Other Landcover,416498,465544,2000,800000,416248,465338,416748,465838,HG3,http://data.ordnancesurvey.co.uk/id/postcodedistrict/HG3,,,,,,,North Yorkshire,http://data.ordnancesurvey.co.uk/id/7000000000183627,http://data.ordnancesurvey.co.uk/ontology/admingeo/UnitaryAuthority,Yorkshire and the Humber,http://data.ordnancesurvey.co.uk/id/7000000000041430,England,http://data.ordnancesurvey.co.uk/id/country/england,,,
osgb4000000074729692,http://data.ordnancesurvey.co.uk/id/4000000074729692,Steel House Moor,,,,landcover,Other Landcover,408587,479823,15000,1300000,407512,478874,409804,480771,HG3,http://data.ordnancesurvey.co.uk/id/postcodedistrict/HG3,,,,,,,North Yorkshire,http://data.ordnancesurvey.co.uk/id/7000000000183627,http://data.ordnancesurvey.co.uk/ontology/admingeo/UnitaryAuthority,Yorkshire and the Humber,http://data.ordnancesurvey.co.uk/id/7000000000041430,England,http://data.ordnancesurvey.co.uk/id/country/england,,,
osgb4000000074738860,http://data.ordnancesurvey.co.uk/id/4000000074738860,Braithwaite Moor,,,,landcover,Other Landcover,414416,461541,13000,1300000,413396,460844,415462,462238,HG3,http://data.ordnancesurvey.co.uk/id/postcodedistrict/HG3,,,,,,,North Yorkshire,http://data.ordnancesurvey.co.uk/id/7000000000183627,http://data.ordnancesurvey.co.uk/ontology/admingeo/UnitaryAuthority,Yorkshire and the Humber,http://data.ordnancesurvey.co.uk/id/7000000000041430,England,http://data.ordnancesurvey.co.uk/id/country/england,,,
osgb4000000074729763,http://data.ordnancesurvey.co.uk/id/4000000074729763,Heathfield Moor,,,,landcover,Other Landcover,410690,467297,26000,1300000,408494,466161,412499,468434,HG3,http://data.ordnancesurvey.co.uk/id/postcodedistrict/HG3,,,,,,,North Yorkshire,http://data.ordnancesurvey.co.uk/id/7000000000183627,http://data.ordnancesurvey.co.uk/ontology/admingeo/UnitaryAuthority,Yorkshire and the Humber,http://data.ordnancesurvey.co.uk/id/7000000000041430,England,http://data.ordnancesurvey.co.uk/id/country/england,,,
osgb4000000074729989,http://data.ordnancesurvey.co.uk/id/4000000074729989,Flat Moor,,,,landcover,Other Landcover,413623,462710,19000,1300000,412182,461311,415085,464108,HG3,http://data.ordnancesurvey.co.uk/id/postcodedistrict/HG3,,,,,,,North Yorkshire,http://data.ordnancesurvey.co.uk/id/7000000000183627,http://data.ordnancesurvey.co.uk/ontology/admingeo/UnitaryAuthority,Yorkshire and the Humber,http://data.ordnancesurvey.co.uk/id/7000000000041430,England,http://data.ordnancesurvey.co.uk/id/country/england,,,
osgb4000000074783412,http://data.ordnancesurvey.co.uk/id/4000000074783412,Nanny Black Hill,,,,landform,Hill Or Mountain,415455,461878,1000,300000,415205,461628,415705,462128,HG3,http://data.ordnancesurvey.co.uk/id/postcodedistrict/HG3,,,,,,,North Yorkshire,http://data.ordnancesurvey.co.uk/id/7000000000183627,http://data.ordnancesurvey.co.uk/ontology/admingeo/UnitaryAuthority,Yorkshire and the Humber,http://data.ordnancesurvey.co.uk/id/7000000000041430,England,http://data.ordnancesurvey.co.uk/id/country/england,,,
osgb4000000074803313,http://data.ordnancesurvey.co.uk/id/4000000074803313,Scar House Reservoir,,,,hydrography,Inland Water,406191,476790,15000,500000,404382,476401,406701,477180,HG3,http://data.ordnancesurvey.co.uk/id/postcodedistrict/HG3,,,,,,,North Yorkshire,http://data.ordnancesurvey.co.uk/id/7000000000183627,http://data.ordnancesurvey.co.uk/ontology/admingeo/UnitaryAuthority,Yorkshire and the Humber,http://data.ordnancesurvey.co.uk/id/7000000000041430,England,http://data.ordnancesurvey.co.uk/id/country/england,,,
osgb4000000074730079,http://data.ordnancesurvey.co.uk/id/4000000074730079,Thompson Hole Moss,,,,landcover,Other Landcover,404328,465939,7000,1300000,404033,465382,404623,466395,BD23,http://data.ordnancesurvey.co.uk/id/postcodedistrict/BD23,,,,,,,North Yorkshire,http://data.ordnancesurvey.co.uk/id/7000000000183627,http://data.ordnancesurvey.co.uk/ontology/admingeo/UnitaryAuthority,Yorkshire and the Humber,http://data.ordnancesurvey.co.uk/id/7000000000041430,England,http://data.ordnancesurvey.co.uk/id/country/england,,,
osgb4000000074670713,http://data.ordnancesurvey.co.uk/id/4000000074670713,Broadmires Wood,,,,landcover,Woodland Or Forest,417329,479437,2000,400000,417076,479187,417576,479687,HG4,http://data.ordnancesurvey.co.uk/id/postcodedistrict/HG4,,,,,,,North Yorkshire,http://data.ordnancesurvey.co.uk/id/7000000000183627,http://data.ordnancesurvey.co.uk/ontology/admingeo/UnitaryAuthority,Yorkshire and the Humber,http://data.ordnancesurvey.co.uk/id/7000000000041430,England,http://data.ordnancesurvey.co.uk/id/country/england,,,
osgb4000000074730493,http://data.ordnancesurvey.co.uk/id/4000000074730493,Feather Bed Moss,,,,landcover,Other Landcover,403232,469188,6000,1300000,402894,468463,403569,469439,BD23,http://data.ordnancesurvey.co.uk/id/postcodedistrict/BD23,,,,,,,North Yorkshire,http://data.ordnancesurvey.co.uk/id/7000000000183627,http://data.ordnancesurvey.co.uk/ontology/admingeo/UnitaryAuthority,Yorkshire and the Humber,http://data.ordnancesurvey.co.uk/id/7000000000041430,England,http://data.ordnancesurvey.co.uk/id/country/england,,,
osgb4000000074783343,http://data.ordnancesurvey.co.uk/id/4000000074783343,Sugar Hill,,,,landform,Hill Or Mountain,415231,464844,1000,300000,414981,464594,415481,465094,HG3,http://data.ordnancesurvey.co.uk/id/postcodedistrict/HG3,,,,,,,North Yorkshire,http://data.ordnancesurvey.co.uk/id/7000000000183627,http://data.ordnancesurvey.co.uk/ontology/admingeo/UnitaryAuthority,Yorkshire and the Humber,http://data.ordnancesurvey.co.uk/id/7000000000041430,England,http://data.ordnancesurvey.co.uk/id/country/england,,,
osgb4000000074669891,http://data.ordnancesurvey.co.uk/id/4000000074669891,Long Plantation,,,,landcover,Woodland Or Forest,409663,475290,1000,400000,409429,475040,409929,475540,HG3,http://data.ordnancesurvey.co.uk/id/postcodedistrict/HG3,,,,,,,North Yorkshire,http://data.ordnancesurvey.co.uk/id/7000000000183627,http://data.ordnancesurvey.co.uk/ontology/admingeo/UnitaryAuthority,Yorkshire and the Humber,http://data.ordnancesurvey.co.uk/id/7000000000041430,England,http://data.ordnancesurvey.co.uk/id/country/england,,,
osgb4000000074783537,http://data.ordnancesurvey.co.uk/id/4000000074783537,Swine Beck Knotts Hill,,,,landform,Hill Or Mountain,410625,469803,1000,300000,410375,469553,410875,470053,HG3,http://data.ordnancesurvey.co.uk/id/postcodedistrict/HG3,,,,,,,North Yorkshire,http://data.ordnancesurvey.co.uk/id/7000000000183627,http://data.ordnancesurvey.co.uk/ontology/admingeo/UnitaryAuthority,Yorkshire and the Humber,http://data.ordnancesurvey.co.uk/id/7000000000041430,England,http://data.ordnancesurvey.co.uk/id/country/england,,,
osgb4000000074783630,http://data.ordnancesurvey.co.uk/id/4000000074783630,Bycliffe Hill,,,,landform,Hill Or Mountain,402899,468066,1000,300000,402649,467816,403149,468316,BD23,http://data.ordnancesurvey.co.uk/id/postcodedistrict/BD23,,,,,,,North Yorkshire,http://data.ordnancesurvey.co.uk/id/7000000000183627,http://data.ordnancesurvey.co.uk/ontology/admingeo/UnitaryAuthority,Yorkshire and the Humber,http://data.ordnancesurvey.co.uk/id/7000000000041430,England,http://data.ordnancesurvey.co.uk/id/country/england,,,
osgb4000000074730287,http://data.ordnancesurvey.co.uk/id/4000000074730287,Pateley Moor,,,,landcover,Other Landcover,418070,467309,43000,1300000,414716,464850,421272,469768,HG3,http://data.ordnancesurvey.co.uk/id/postcodedistrict/HG3,,,,,,,North Yorkshire,http://data.ordnancesurvey.co.uk/id/7000000000183627,http://data.ordnancesurvey.co.uk/ontology/admingeo/UnitaryAuthority,Yorkshire and the Humber,http://data.ordnancesurvey.co.uk/id/7000000000041430,England,http://data.ordnancesurvey.co.uk/id/country/england,,,
osgb4000000074738051,http://data.ordnancesurvey.co.uk/id/4000000074738051,Toft Gate Wood,,,,landcover,Other Landcover,413483,464674,2000,800000,413275,464424,413775,464924,HG3,http://data.ordnancesurvey.co.uk/id/postcodedistrict/HG3,,,,,,,North Yorkshire,http://data.ordnancesurvey.co.uk/id/7000000000183627,http://data.ordnancesurvey.co.uk/ontology/admingeo/UnitaryAuthority,Yorkshire and the Humber,http://data.ordnancesurvey.co.uk/id/7000000000041430,England,http://data.ordnancesurvey.co.uk/id/country/england,,,
osgb4000000074772310,http://data.ordnancesurvey.co.uk/id/4000000074772310,Mansion Knoll,,,,landform,Hill Or Mountain,418294,460380,1000,300000,418044,460130,418544,460630,HG3,http://data.ordnancesurvey.co.uk/id/postcodedistrict/HG3,,,,,,,North Yorkshire,http://data.ordnancesurvey.co.uk/id/7000000000183627,http://data.ordnancesurvey.co.uk/ontology/admingeo/UnitaryAuthority,Yorkshire and the Humber,http://data.ordnancesurvey.co.uk/id/7000000000041430,England,http://data.ordnancesurvey.co.uk/id/country/england,,,
osgb4000000074819160,http://data.ordnancesurvey.co.uk/id/4000000074819160,Bewerley Park,,,,landcover,Other Landcover,415988,465024,7000,800000,415584,464516,416509,465532,HG3,http://data.ordnancesurvey.co.uk/id/postcodedistrict/HG3,,,,,,,North Yorkshire,http://data.ordnancesurvey.co.uk/id/7000000000183627,http://data.ordnancesurvey.co.uk/ontology/admingeo/UnitaryAuthority,Yorkshire and the Humber,http://data.ordnancesurvey.co.uk/id/7000000000041430,England,http://data.ordnancesurvey.co.uk/id/country/england,,,
osgb4000000074729758,http://data.ordnancesurvey.co.uk/id/4000000074729758,Tarn Moss,,,,landcover,Other Landcover,409296,461607,4000,1300000,409000,461321,409641,461893,HG3,http://data.ordnancesurvey.co.uk/id/postcodedistrict/HG3,,,,,,,North Yorkshire,http://data.ordnancesurvey.co.uk/id/7000000000183627,http://data.ordnancesurvey.co.uk/ontology/admingeo/UnitaryAuthority,Yorkshire and the Humber,http://data.ordnancesurvey.co.uk/id/7000000000041430,England,http://data.ordnancesurvey.co.uk/id/country/england,,,
osgb4000000074772367,http://data.ordnancesurvey.co.uk/id/4000000074772367,Jack Cabin Top,,,,landform,Hill Or Mountain,404253,464849,1000,300000,404003,464599,404503,465099,BD23,http://data.ordnancesurvey.co.uk/id/postcodedistrict/BD23,,,,,,,North Yorkshire,http://data.ordnancesurvey.co.uk/id/7000000000183627,http://data.ordnancesurvey.co.uk/ontology/admingeo/UnitaryAuthority,Yorkshire and the Humber,http://data.ordnancesurvey.co.uk/id/7000000000041430,England,http://data.ordnancesurvey.co.uk/id/country/england,,,
osgb4000000074812942,http://data.ordnancesurvey.co.uk/id/4000000074812942,Maiden Gill Allotment,,,,landcover,Other Landcover,404063,475430,8000,1300000,403576,474816,404550,475983,HG3,http://data.ordnancesurvey.co.uk/id/postcodedistrict/HG3,,,,,,,North Yorkshire,http://data.ordnancesurvey.co.uk/id/7000000000183627,http://data.ordnancesurvey.co.uk/ontology/admingeo/UnitaryAuthority,Yorkshire and the Humber,http://data.ordnancesurvey.co.uk/id/7000000000041430,England,http://data.ordnancesurvey.co.uk/id/country/england,,,
osgb4000000074813062,http://data.ordnancesurvey.co.uk/id/4000000074813062,The Park,,,,landcover,Woodland Or Forest,412991,461071,3000,400000,412718,460821,413218,461321,HG3,http://data.ordnancesurvey.co.uk/id/postcodedistrict/HG3,,,,,,,North Yorkshire,http://data.ordnancesurvey.co.uk/id/7000000000183627,http://data.ordnancesurvey.co.uk/ontology/admingeo/UnitaryAuthority,Yorkshire and the Humber,http://data.ordnancesurvey.co.uk/id/7000000000041430,England,http://data.ordnancesurvey.co.uk/id/country/england,,,
osgb4000000074812933,http://data.ordnancesurvey.co.uk/id/4000000074812933,Side Allotment,,,,landcover,Other Landcover,404747,475929,9000,1300000,404209,475243,405284,476672,HG3,http://data.ordnancesurvey.co.uk/id/postcodedistrict/HG3,,,,,,,North Yorkshire,http://data.ordnancesurvey.co.uk/id/7000000000183627,http://data.ordnancesurvey.co.uk/ontology/admingeo/UnitaryAuthority,Yorkshire and the Humber,http://data.ordnancesurvey.co.uk/id/7000000000041430,England,http://data.ordnancesurvey.co.uk/id/country/england,,,
osgb4000000074625678,http://data.ordnancesurvey.co.uk/id/4000000074625678,Moss Wood,,,,landcover,Woodland Or Forest,413576,469620,3000,400000,413313,469322,413838,469850,HG3,http://data.ordnancesurvey.co.uk/id/postcodedistrict/HG3,,,,,,,North Yorkshire,http://data.ordnancesurvey.co.uk/id/7000000000183627,http://data.ordnancesurvey.co.uk/ontology/admingeo/UnitaryAuthority,Yorkshire and the Humber,http://data.ordnancesurvey.co.uk/id/7000000000041430,England,http://data.ordnancesurvey.co.uk/id/country/england,,,
osgb4000000074783446,http://data.ordnancesurvey.co.uk/id/4000000074783446,Cow Hill,,,,landform,Hill Or Mountain,419691,471649,1000,300000,419441,471399,419941,471899,HG4,http://data.ordnancesurvey.co.uk/id/postcodedistrict/HG4,,,,,,,North Yorkshire,http://data.ordnancesurvey.co.uk/id/7000000000183627,http://data.ordnancesurvey.co.uk/ontology/admingeo/UnitaryAuthority,Yorkshire and the Humber,http://data.ordnancesurvey.co.uk/id/7000000000041430,England,http://data.ordnancesurvey.co.uk/id/country/england,,,
osgb4000000074730389,http://data.ordnancesurvey.co.uk/id/4000000074730389,Stony Pasture,,,,landcover,Other Landcover,413717,470039,3000,1300000,413468,469782,413968,470282,HG3,http://data.ordnancesurvey.co.uk/id/postcodedistrict/HG3,,,,,,,North Yorkshire,http://data.ordnancesurvey.co.uk/id/7000000000183627,http://data.ordnancesurvey.co.uk/ontology/admingeo/UnitaryAuthority,Yorkshire and the Humber,http://data.ordnancesurvey.co.uk/id/7000000000041430,England,http://data.ordnancesurvey.co.uk/id/country/england,,,
osgb4000000074717342,http://data.ordnancesurvey.co.uk/id/4000000074717342,Black Gutters,,,,landform,Valley,410868,478320,3000,800000,410634,478071,411134,478571,HG3,http://data.ordnancesurvey.co.uk/id/postcodedistrict/HG3,,,,,,,North Yorkshire,http://data.ordnancesurvey.co.uk/id/7000000000183627,http://data.ordnancesurvey.co.uk/ontology/admingeo/UnitaryAuthority,Yorkshire and the Humber,http://data.ordnancesurvey.co.uk/id/7000000000041430,England,http://data.ordnancesurvey.co.uk/id/country/england,,,
osgb4000000074730495,http://data.ordnancesurvey.co.uk/id/4000000074730495,High West Moor,,,,landcover,Other Landcover,403873,472912,12000,1300000,403093,472643,404968,473180,HG3,http://data.ordnancesurvey.co.uk/id/postcodedistrict/HG3,,,,,,,North Yorkshire,http://data.ordnancesurvey.co.uk/id/7000000000183627,http://data.ordnancesurvey.co.uk/ontology/admingeo/UnitaryAuthority,Yorkshire and the Humber,http://data.ordnancesurvey.co.uk/id/7000000000041430,England,http://data.ordnancesurvey.co.uk/id/country/england,,,
osgb4000000074670276,http://data.ordnancesurvey.co.uk/id/4000000074670276,Dowdy Bottom Plantation,,,,landcover,Woodland Or Forest,410052,474014,1000,400000,409802,473760,410302,474260,HG3,http://data.ordnancesurvey.co.uk/id/postcodedistrict/HG3,,,,,,,North Yorkshire,http://data.ordnancesurvey.co.uk/id/7000000000183627,http://data.ordnancesurvey.co.uk/ontology/admingeo/UnitaryAuthority,Yorkshire and the Humber,http://data.ordnancesurvey.co.uk/id/7000000000041430,England,http://data.ordnancesurvey.co.uk/id/country/england,,,
osgb4000000074730291,http://data.ordnancesurvey.co.uk/id/4000000074730291,Peat High Pasture,,,,landcover,Other Landcover,401904,468205,5000,1300000,401497,467903,402254,468507,BD23,http://data.ordnancesurvey.co.uk/id/postcodedistrict/BD23,,,,,,,North Yorkshire,http://data.ordnancesurvey.co.uk/id/7000000000183627,http://data.ordnancesurvey.co.uk/ontology/admingeo/UnitaryAuthority,Yorkshire and the Humber,http://data.ordnancesurvey.co.uk/id/7000000000041430,England,http://data.ordnancesurvey.co.uk/id/country/england,,,
osgb4000000074783260,http://data.ordnancesurvey.co.uk/id/4000000074783260,Pinder Hawes Hill,,,,landform,Hill Or Mountain,407568,461698,1000,300000,407318,461448,407818,461948,BD23,http://data.ordnancesurvey.co.uk/id/postcodedistrict/BD23,,,,,,,North Yorkshire,http://data.ordnancesurvey.co.uk/id/7000000000183627,http://data.ordnancesurvey.co.uk/ontology/admingeo/UnitaryAuthority,Yorkshire and the Humber,http://data.ordnancesurvey.co.uk/id/7000000000041430,England,http://data.ordnancesurvey.co.uk/id/country/england,,,
osgb4000000074729757,http://data.ordnancesurvey.co.uk/id/4000000074729757,The Guides Flat,,,,landcover,Other Landcover,408896,460937,4000,1300000,408576,460683,409228,461192,BD23,http://data.ordnancesurvey.co.uk/id/postcodedistrict/BD23,,,,,,,North Yorkshire,http://data.ordnancesurvey.co.uk/id/7000000000183627,http://data.ordnancesurvey.co.uk/ontology/admingeo/UnitaryAuthority,Yorkshire and the Humber,http://data.ordnancesurvey.co.uk/id/7000000000041430,England,http://data.ordnancesurvey.co.uk/id/country/england,,,
osgb4000000074730288,http://data.ordnancesurvey.co.uk/id/4000000074730288,Burnt Heath,,,,landcover,Other Landcover,418477,468275,10000,1300000,418002,467544,418952,469047,HG3,http://data.ordnancesurvey.co.uk/id/postcodedistrict/HG3,,,,,,,North Yorkshire,http://data.ordnancesurvey.co.uk/id/7000000000183627,http://data.ordnancesurvey.co.uk/ontology/admingeo/UnitaryAuthority,Yorkshire and the Humber,http://data.ordnancesurvey.co.uk/id/7000000000041430,England,http://data.ordnancesurvey.co.uk/id/country/england,,,
osgb4000000074813817,http://data.ordnancesurvey.co.uk/id/4000000074813817,Glasshouses Dam,,,,hydrography,Inland Water,416936,464396,2000,500000,416699,464146,417199,464646,HG3,http://data.ordnancesurvey.co.uk/id/postcodedistrict/HG3,,,,,,,North Yorkshire,http://data.ordnancesurvey.co.uk/id/7000000000183627,http://data.ordnancesurvey.co.uk/ontology/admingeo/UnitaryAuthority,Yorkshire and the Humber,http://data.ordnancesurvey.co.uk/id/7000000000041430,England,http://data.ordnancesurvey.co.uk/id/country/england,,,
osgb4000000074729609,http://data.ordnancesurvey.co.uk/id/4000000074729609,Jack Hole Flat,,,,landcover,Other Landcover,408447,464062,6000,1300000,408015,463782,408866,464342,HG3,http://data.ordnancesurvey.co.uk/id/postcodedistrict/HG3,,,,,,,North Yorkshire,http://data.ordnancesurvey.co.uk/id/7000000000183627,http://data.ordnancesurvey.co.uk/ontology/admingeo/UnitaryAuthority,Yorkshire and the Humber,http://data.ordnancesurvey.co.uk/id/7000000000041430,England,http://data.ordnancesurvey.co.uk/id/country/england,,,
osgb4000000074595569,http://data.ordnancesurvey.co.uk/id/4000000074595569,Middle Tongue,,,,landcover,Other Landcover,415113,464123,3000,1300000,414771,463873,415271,464373,HG3,http://data.ordnancesurvey.co.uk/id/postcodedistrict/HG3,,,,,,,North Yorkshire,http://data.ordnancesurvey.co.uk/id/7000000000183627,http://data.ordnancesurvey.co.uk/ontology/admingeo/UnitaryAuthority,Yorkshire and the Humber,http://data.ordnancesurvey.co.uk/id/7000000000041430,England,http://data.ordnancesurvey.co.uk/id/country/england,,,
osgb4000000074729991,http://data.ordnancesurvey.co.uk/id/4000000074729991,Black Hill Moss,,,,landcover,Other Landcover,404154,465486,5000,1300000,403727,465172,404517,465799,BD23,http://data.ordnancesurvey.co.uk/id/postcodedistrict/BD23,,,,,,,North Yorkshire,http://data.ordnancesurvey.co.uk/id/7000000000183627,http://data.ordnancesurvey.co.uk/ontology/admingeo/UnitaryAuthority,Yorkshire and the Humber,http://data.ordnancesurvey.co.uk/id/7000000000041430,England,http://data.ordnancesurvey.co.uk/id/country/england,,,
osgb4000000074813046,http://data.ordnancesurvey.co.uk/id/4000000074813046,Katty White's Allotments,,Catherine White's Allotments,,landcover,Other Landcover,411507,462531,19000,1300000,409919,461480,412794,463581,HG3,http://data.ordnancesurvey.co.uk/id/postcodedistrict/HG3,,,,,,,North Yorkshire,http://data.ordnancesurvey.co.uk/id/7000000000183627,http://data.ordnancesurvey.co.uk/ontology/admingeo/UnitaryAuthority,Yorkshire and the Humber,http://data.ordnancesurvey.co.uk/id/7000000000041430,England,http://data.ordnancesurvey.co.uk/id/country/england,,,
osgb4000000074730500,http://data.ordnancesurvey.co.uk/id/4000000074730500,Low Ash Head Moor,,,,landcover,Other Landcover,414364,475299,12000,1300000,413467,474529,415287,476070,HG4,http://data.ordnancesurvey.co.uk/id/postcodedistrict/HG4,,,,,,,North Yorkshire,http://data.ordnancesurvey.co.uk/id/7000000000183627,http://data.ordnancesurvey.co.uk/ontology/admingeo/UnitaryAuthority,Yorkshire and the Humber,http://data.ordnancesurvey.co.uk/id/7000000000041430,England,http://data.ordnancesurvey.co.uk/id/country/england,,,
osgb4000000074783582,http://data.ordnancesurvey.co.uk/id/4000000074783582,Sievey Hill,,,,landform,Hill Or Mountain,412051,476956,1000,300000,411801,476706,412301,477206,HG4,http://data.ordnancesurvey.co.uk/id/postcodedistrict/HG4,,,,,,,North Yorkshire,http://data.ordnancesurvey.co.uk/id/7000000000183627,http://data.ordnancesurvey.co.uk/ontology/admingeo/UnitaryAuthority,Yorkshire and the Humber,http://data.ordnancesurvey.co.uk/id/7000000000041430,England,http://data.ordnancesurvey.co.uk/id/country/england,,,
osgb4000000074815890,http://data.ordnancesurvey.co.uk/id/4000000074815890,Round Hill,,,,landform,Hill Or Mountain,410085,464900,1000,300000,409835,464650,410335,465150,HG3,http://data.ordnancesurvey.co.uk/id/postcodedistrict/HG3,,,,,,,North Yorkshire,http://data.ordnancesurvey.co.uk/id/7000000000183627,http://data.ordnancesurvey.co.uk/ontology/admingeo/UnitaryAuthority,Yorkshire and the Humber,http://data.ordnancesurvey.co.uk/id/7000000000041430,England,http://data.ordnancesurvey.co.uk/id/country/england,,,
osgb4000000074669867,http://data.ordnancesurvey.co.uk/id/4000000074669867,West Scar Wood,,,,landcover,Woodland Or Forest,402515,464443,2000,400000,402266,464192,402766,464692,BD23,http://data.ordnancesurvey.co.uk/id/postcodedistrict/BD23,,,,,,,North Yorkshire,http://data.ordnancesurvey.co.uk/id/7000000000183627,http://data.ordnancesurvey.co.uk/ontology/admingeo/UnitaryAuthority,Yorkshire and the Humber,http://data.ordnancesurvey.co.uk/id/7000000000041430,England,http://data.ordnancesurvey.co.uk/id/country/england,,,
osgb4000000074729610,http://data.ordnancesurvey.co.uk/id/4000000074729610,Jack Hole Moss,,,,landcover,Other Landcover,408790,464932,5000,1300000,408407,464681,409173,465184,HG3,http://data.ordnancesurvey.co.uk/id/postcodedistrict/HG3,,,,,,,North Yorkshire,http://data.ordnancesurvey.co.uk/id/7000000000183627,http://data.ordnancesurvey.co.uk/ontology/admingeo/UnitaryAuthority,Yorkshire and the Humber,http://data.ordnancesurvey.co.uk/id/7000000000041430,England,http://data.ordnancesurvey.co.uk/id/country/england,,,
osgb4000000074783479,http://data.ordnancesurvey.co.uk/id/4000000074783479,Rough Hill,,,,landform,Hill Or Mountain,419747,475770,1000,300000,419497,475520,419997,476020,HG4,http://data.ordnancesurvey.co.uk/id/postcodedistrict/HG4,,,,,,,North Yorkshire,http://data.ordnancesurvey.co.uk/id/7000000000183627,http://data.ordnancesurvey.co.uk/ontology/admingeo/UnitaryAuthority,Yorkshire and the Humber,http://data.ordnancesurvey.co.uk/id/7000000000041430,England,http://data.ordnancesurvey.co.uk/id/country/england,,,
osgb4000000074802381,http://data.ordnancesurvey.co.uk/id/4000000074802381,Speculum Pond,,,,hydrography,Inland Water,419374,479998,1000,500000,419124,479749,419624,480249,HG4,http://data.ordnancesurvey.co.uk/id/postcodedistrict/HG4,,,,,,,North Yorkshire,http://data.ordnancesurvey.co.uk/id/7000000000183627,http://data.ordnancesurvey.co.uk/ontology/admingeo/UnitaryAuthority,Yorkshire and the Humber,http://data.ordnancesurvey.co.uk/id/7000000000041430,England,http://data.ordnancesurvey.co.uk/id/country/england,,,
osgb4000000074670711,http://data.ordnancesurvey.co.uk/id/4000000074670711,Knowle Wood,,,,landcover,Woodland Or Forest,418357,479377,2000,400000,418091,479127,418591,479627,HG4,http://data.ordnancesurvey.co.uk/id/postcodedistrict/HG4,,,,,,,North Yorkshire,http://data.ordnancesurvey.co.uk/id/7000000000183627,http://data.ordnancesurvey.co.uk/ontology/admingeo/UnitaryAuthority,Yorkshire and the Humber,http://data.ordnancesurvey.co.uk/id/7000000000041430,England,http://data.ordnancesurvey.co.uk/id/country/england,,,
osgb4000000074729606,http://data.ordnancesurvey.co.uk/id/4000000074729606,Fat Ewe Grain Moor,,,,landcover,Other Landcover,409993,464901,11000,1300000,409137,464330,410800,465472,HG3,http://data.ordnancesurvey.co.uk/id/postcodedistrict/HG3,,,,,,,North Yorkshire,http://data.ordnancesurvey.co.uk/id/7000000000183627,http://data.ordnancesurvey.co.uk/ontology/admingeo/UnitaryAuthority,Yorkshire and the Humber,http://data.ordnancesurvey.co.uk/id/7000000000041430,England,http://data.ordnancesurvey.co.uk/id/country/england,,,
osgb4000000074730391,http://data.ordnancesurvey.co.uk/id/4000000074730391,Covill House Moor,,,,landcover,Other Landcover,414335,472208,13000,1300000,413650,471038,415019,473096,HG3,http://data.ordnancesurvey.co.uk/id/postcodedistrict/HG3,,,,,,,North Yorkshire,http://data.ordnancesurvey.co.uk/id/7000000000183627,http://data.ordnancesurvey.co.uk/ontology/admingeo/UnitaryAuthority,Yorkshire and the Humber,http://data.ordnancesurvey.co.uk/id/7000000000041430,England,http://data.ordnancesurvey.co.uk/id/country/england,,,
osgb4000000074625865,http://data.ordnancesurvey.co.uk/id/4000000074625865,Bink's Wood,,,,landcover,Woodland Or Forest,411557,470882,2000,400000,411316,470633,411816,471133,HG3,http://data.ordnancesurvey.co.uk/id/postcodedistrict/HG3,,,,,,,North Yorkshire,http://data.ordnancesurvey.co.uk/id/7000000000183627,http://data.ordnancesurvey.co.uk/ontology/admingeo/UnitaryAuthority,Yorkshire and the Humber,http://data.ordnancesurvey.co.uk/id/7000000000041430,England,http://data.ordnancesurvey.co.uk/id/country/england,,,
osgb4000000074738090,http://data.ordnancesurvey.co.uk/id/4000000074738090,Standard Moss,,,,landcover,Other Landcover,404007,463569,4000,1300000,403769,463256,404295,463881,BD23,http://data.ordnancesurvey.co.uk/id/postcodedistrict/BD23,,,,,,,North Yorkshire,http://data.ordnancesurvey.co.uk/id/7000000000183627,http://data.ordnancesurvey.co.uk/ontology/admingeo/UnitaryAuthority,Yorkshire and the Humber,http://data.ordnancesurvey.co.uk/id/7000000000041430,England,http://data.ordnancesurvey.co.uk/id/country/england,,,
osgb4000000074730501,http://data.ordnancesurvey.co.uk/id/4000000074730501,High Ash Head Moor,,,,landcover,Other Landcover,413055,475402,19000,1300000,411434,474529,414369,476276,HG4,http://data.ordnancesurvey.co.uk/id/postcodedistrict/HG4,,,,,,,North Yorkshire,http://data.ordnancesurvey.co.uk/id/7000000000183627,http://data.ordnancesurvey.co.uk/ontology/admingeo/UnitaryAuthority,Yorkshire and the Humber,http://data.ordnancesurvey.co.uk/id/7000000000041430,England,http://data.ordnancesurvey.co.uk/id/country/england,,,
osgb4000000074783342,http://data.ordnancesurvey.co.uk/id/4000000074783342,Lamb Hill,,,,landform,Hill Or Mountain,414608,464874,1000,300000,414358,464624,414858,465124,HG3,http://data.ordnancesurvey.co.uk/id/postcodedistrict/HG3,,,,,,,North Yorkshire,http://data.ordnancesurvey.co.uk/id/7000000000183627,http://data.ordnancesurvey.co.uk/ontology/admingeo/UnitaryAuthority,Yorkshire and the Humber,http://data.ordnancesurvey.co.uk/id/7000000000041430,England,http://data.ordnancesurvey.co.uk/id/country/england,,,
osgb4000000074669479,http://data.ordnancesurvey.co.uk/id/4000000074669479,Kex Moor Plantation,,,,landcover,Woodland Or Forest,419626,475547,3000,400000,419376,475295,419876,475795,HG4,http://data.ordnancesurvey.co.uk/id/postcodedistrict/HG4,,,,,,,North Yorkshire,http://data.ordnancesurvey.co.uk/id/7000000000183627,http://data.ordnancesurvey.co.uk/ontology/admingeo/UnitaryAuthority,Yorkshire and the Humber,http://data.ordnancesurvey.co.uk/id/7000000000041430,England,http://data.ordnancesurvey.co.uk/id/country/england,,,
osgb4000000074729839,http://data.ordnancesurvey.co.uk/id/4000000074729839,Gouthwaite Moor,,,,landcover,Other Landcover,408116,468840,38000,1300000,406853,468027,412666,469652,HG3,http://data.ordnancesurvey.co.uk/id/postcodedistrict/HG3,,,,,,,North Yorkshire,http://data.ordnancesurvey.co.uk/id/7000000000183627,http://data.ordnancesurvey.co.uk/ontology/admingeo/UnitaryAuthority,Yorkshire and the Humber,http://data.ordnancesurvey.co.uk/id/7000000000041430,England,http://data.ordnancesurvey.co.uk/id/country/england,,,
osgb4000000074665740,http://data.ordnancesurvey.co.uk/id/4000000074665740,Cornfield Wood,,,,landcover,Woodland Or Forest,419406,464028,2000,400000,419156,463754,419656,464254,HG3,http://data.ordnancesurvey.co.uk/id/postcodedistrict/HG3,,,,,,,North Yorkshire,http://data.ordnancesurvey.co.uk/id/7000000000183627,http://data.ordnancesurvey.co.uk/ontology/admingeo/UnitaryAuthority,Yorkshire and the Humber,http://data.ordnancesurvey.co.uk/id/7000000000041430,England,http://data.ordnancesurvey.co.uk/id/country/england,,,
osgb4000000074730596,http://data.ordnancesurvey.co.uk/id/4000000074730596,Whernside Pasture,,,,landcover,Other Landcover,400593,473041,23000,1300000,398802,472190,402365,473893,BD23,http://data.ordnancesurvey.co.uk/id/postcodedistrict/BD23,,,,,,,North Yorkshire,http://data.ordnancesurvey.co.uk/id/7000000000183627,http://data.ordnancesurvey.co.uk/ontology/admingeo/UnitaryAuthority,Yorkshire and the Humber,http://data.ordnancesurvey.co.uk/id/7000000000041430,England,http://data.ordnancesurvey.co.uk/id/country/england,,,
osgb4000000074783449,http://data.ordnancesurvey.co.uk/id/4000000074783449,Brown Hill,,,,landform,Hill Or Mountain,415349,463031,1000,300000,415099,462781,415599,463281,HG3,http://data.ordnancesurvey.co.uk/id/postcodedistrict/HG3,,,,,,,North Yorkshire,http://data.ordnancesurvey.co.uk/id/7000000000183627,http://data.ordnancesurvey.co.uk/ontology/admingeo/UnitaryAuthority,Yorkshire and the Humber,http://data.ordnancesurvey.co.uk/id/7000000000041430,England,http://data.ordnancesurvey.co.uk/id/country/england,,,
osgb4000000074729608,http://data.ordnancesurvey.co.uk/id/4000000074729608,Grimwith Fell,,,,landcover,Other Landcover,407008,463942,6000,1300000,406622,463513,407314,464372,BD23,http://data.ordnancesurvey.co.uk/id/postcodedistrict/BD23,,,,,,,North Yorkshire,http://data.ordnancesurvey.co.uk/id/7000000000183627,http://data.ordnancesurvey.co.uk/ontology/admingeo/UnitaryAuthority,Yorkshire and the Humber,http://data.ordnancesurvey.co.uk/id/7000000000041430,England,http://data.ordnancesurvey.co.uk/id/country/england,,,
osgb4000000074729838,http://data.ordnancesurvey.co.uk/id/4000000074729838,Burn Gill Moss,,,,landcover,Other Landcover,408951,467839,4000,1300000,408595,467589,409280,468089,HG3,http://data.ordnancesurvey.co.uk/id/postcodedistrict/HG3,,,,,,,North Yorkshire,http://data.ordnancesurvey.co.uk/id/7000000000183627,http://data.ordnancesurvey.co.uk/ontology/admingeo/UnitaryAuthority,Yorkshire and the Humber,http://data.ordnancesurvey.co.uk/id/7000000000041430,England,http://data.ordnancesurvey.co.uk/id/country/england,,,
osgb4000000074625353,http://data.ordnancesurvey.co.uk/id/4000000074625353,High Plantation,,,,landcover,Woodland Or Forest,415319,479674,5000,400000,414954,479425,415673,479925,HG4,http://data.ordnancesurvey.co.uk/id/postcodedistrict/HG4,,,,,,,North Yorkshire,http://data.ordnancesurvey.co.uk/id/7000000000183627,http://data.ordnancesurvey.co.uk/ontology/admingeo/UnitaryAuthority,Yorkshire and the Humber,http://data.ordnancesurvey.co.uk/id/7000000000041430,England,http://data.ordnancesurvey.co.uk/id/country/england,,,
osgb4000000074783857,http://data.ordnancesurvey.co.uk/id/4000000074783857,Redmire Hill,,,,landform,Hill Or Mountain,405721,467245,1000,300000,405471,466995,405971,467495,BD23,http://data.ordnancesurvey.co.uk/id/postcodedistrict/BD23,,,,,,,North Yorkshire,http://data.ordnancesurvey.co.uk/id/7000000000183627,http://data.ordnancesurvey.co.uk/ontology/admingeo/UnitaryAuthority,Yorkshire and the Humber,http://data.ordnancesurvey.co.uk/id/7000000000041430,England,http://data.ordnancesurvey.co.uk/id/country/england,,,
osgb4000000074730279,http://data.ordnancesurvey.co.uk/id/4000000074730279,Woodman Wray,,,,landcover,Other Landcover,416600,461234,7000,800000,415954,460899,417052,461570,HG3,http://data.ordnancesurvey.co.uk/id/postcodedistrict/HG3,,,,,,,North Yorkshire,http://data.ordnancesurvey.co.uk/id/7000000000183627,http://data.ordnancesurvey.co.uk/ontology/admingeo/UnitaryAuthority,Yorkshire and the Humber,http://data.ordnancesurvey.co.uk/id/7000000000041430,England,http://data.ordnancesurvey.co.uk/id/country/england,,,
osgb4000000074729778,http://data.ordnancesurvey.co.uk/id/4000000074729778,Slape Gill Shaw,,,,landcover,Other Landcover,400533,476671,4000,1300000,400269,476370,400796,476957,DL8,http://data.ordnancesurvey.co.uk/id/postcodedistrict/DL8,,,,,,,North Yorkshire,http://data.ordnancesurvey.co.uk/id/7000000000183627,http://data.ordnancesurvey.co.uk/ontology/admingeo/UnitaryAuthority,Yorkshire and the Humber,http://data.ordnancesurvey.co.uk/id/7000000000041430,England,http://data.ordnancesurvey.co.uk/id/country/england,,,
osgb4000000074665730,http://data.ordnancesurvey.co.uk/id/4000000074665730,Low Hall Wood,,,,landcover,Woodland Or Forest,419706,460977,4000,400000,419457,460620,419957,461200,HG3,http://data.ordnancesurvey.co.uk/id/postcodedistrict/HG3,,,,,,,North Yorkshire,http://data.ordnancesurvey.co.uk/id/7000000000183627,http://data.ordnancesurvey.co.uk/ontology/admingeo/UnitaryAuthority,Yorkshire and the Humber,http://data.ordnancesurvey.co.uk/id/7000000000041430,England,http://data.ordnancesurvey.co.uk/id/country/england,,,
osgb4000000074596576,http://data.ordnancesurvey.co.uk/id/4000000074596576,In Moor,,,,landcover,Other Landcover,408248,475420,13000,1300000,407279,474694,409269,476146,HG3,http://data.ordnancesurvey.co.uk/id/postcodedistrict/HG3,,,,,,,North Yorkshire,http://data.ordnancesurvey.co.uk/id/7000000000183627,http://data.ordnancesurvey.co.uk/ontology/admingeo/UnitaryAuthority,Yorkshire and the Humber,http://data.ordnancesurvey.co.uk/id/7000000000041430,England,http://data.ordnancesurvey.co.uk/id/country/england,,,
osgb4000000074730073,http://data.ordnancesurvey.co.uk/id/4000000074730073,Old Moss,,,,landcover,Other Landcover,414116,462985,4000,1300000,413753,462695,414421,463275,HG3,http://data.ordnancesurvey.co.uk/id/postcodedistrict/HG3,,,,,,,North Yorkshire,http://data.ordnancesurvey.co.uk/id/7000000000183627,http://data.ordnancesurvey.co.uk/ontology/admingeo/UnitaryAuthority,Yorkshire and the Humber,http://data.ordnancesurvey.co.uk/id/7000000000041430,England,http://data.ordnancesurvey.co.uk/id/country/england,,,
osgb4000000074796775,http://data.ordnancesurvey.co.uk/id/4000000074796775,Jordan Bog,,,,landcover,Wetland,413995,461799,2000,15000,413762,461549,414262,462049,HG3,http://data.ordnancesurvey.co.uk/id/postcodedistrict/HG3,,,,,,,North Yorkshire,http://data.ordnancesurvey.co.uk/id/7000000000183627,http://data.ordnancesurvey.co.uk/ontology/admingeo/UnitaryAuthority,Yorkshire and the Humber,http://data.ordnancesurvey.co.uk/id/7000000000041430,England,http://data.ordnancesurvey.co.uk/id/country/england,,,
osgb4000000074729764,http://data.ordnancesurvey.co.uk/id/4000000074729764,New Moss,,,,landcover,Other Landcover,410303,467578,4000,1300000,410027,467306,410607,467851,HG3,http://data.ordnancesurvey.co.uk/id/postcodedistrict/HG3,,,,,,,North Yorkshire,http://data.ordnancesurvey.co.uk/id/7000000000183627,http://data.ordnancesurvey.co.uk/ontology/admingeo/UnitaryAuthority,Yorkshire and the Humber,http://data.ordnancesurvey.co.uk/id/7000000000041430,England,http://data.ordnancesurvey.co.uk/id/country/england,,,
osgb4000000074669868,http://data.ordnancesurvey.co.uk/id/4000000074669868,Long Holme Wood,,,,landcover,Woodland Or Forest,402638,464616,2000,400000,402388,464393,402888,464893,BD23,http://data.ordnancesurvey.co.uk/id/postcodedistrict/BD23,,,,,,,North Yorkshire,http://data.ordnancesurvey.co.uk/id/7000000000183627,http://data.ordnancesurvey.co.uk/ontology/admingeo/UnitaryAuthority,Yorkshire and the Humber,http://data.ordnancesurvey.co.uk/id/7000000000041430,England,http://data.ordnancesurvey.co.uk/id/country/england,,,
osgb4000000074668622,http://data.ordnancesurvey.co.uk/id/4000000074668622,Barnscar Plantation,,,,landcover,Woodland Or Forest,404821,461995,3000,400000,404571,461840,405071,462340,BD23,http://data.ordnancesurvey.co.uk/id/postcodedistrict/BD23,,,,,,,North Yorkshire,http://data.ordnancesurvey.co.uk/id/7000000000183627,http://data.ordnancesurvey.co.uk/ontology/admingeo/UnitaryAuthority,Yorkshire and the Humber,http://data.ordnancesurvey.co.uk/id/7000000000041430,England,http://data.ordnancesurvey.co.uk/id/country/england,,,
osgb4000000074623929,http://data.ordnancesurvey.co.uk/id/4000000074623929,Parker Wood,,,,landcover,Woodland Or Forest,417000,463719,4000,400000,416737,463469,417355,463969,HG3,http://data.ordnancesurvey.co.uk/id/postcodedistrict/HG3,,,,,,,North Yorkshire,http://data.ordnancesurvey.co.uk/id/7000000000183627,http://data.ordnancesurvey.co.uk/ontology/admingeo/UnitaryAuthority,Yorkshire and the Humber,http://data.ordnancesurvey.co.uk/id/7000000000041430,England,http://data.ordnancesurvey.co.uk/id/country/england,,,
osgb4000000074783856,http://data.ordnancesurvey.co.uk/id/4000000074783856,Tag Bale Hill,,,,landform,Hill Or Mountain,405280,466775,1000,300000,405030,466525,405530,467025,BD23,http://data.ordnancesurvey.co.uk/id/postcodedistrict/BD23,,,,,,,North Yorkshire,http://data.ordnancesurvey.co.uk/id/7000000000183627,http://data.ordnancesurvey.co.uk/ontology/admingeo/UnitaryAuthority,Yorkshire and the Humber,http://data.ordnancesurvey.co.uk/id/7000000000041430,England,http://data.ordnancesurvey.co.uk/id/country/england,,,
osgb4000000074601734,http://data.ordnancesurvey.co.uk/id/4000000074601734,Cockle Hill,,,,landform,Hill Or Mountain,411945,474024,1000,300000,411695,473774,412195,474274,HG3,http://data.ordnancesurvey.co.uk/id/postcodedistrict/HG3,,,,,,,North Yorkshire,http://data.ordnancesurvey.co.uk/id/7000000000183627,http://data.ordnancesurvey.co.uk/ontology/admingeo/UnitaryAuthority,Yorkshire and the Humber,http://data.ordnancesurvey.co.uk/id/7000000000041430,England,http://data.ordnancesurvey.co.uk/id/country/england,,,
osgb4000000074809407,http://data.ordnancesurvey.co.uk/id/4000000074809407,Grimwith Reservoir,,,,hydrography,Inland Water,405738,464866,14000,500000,405041,464106,407228,465625,BD23,http://data.ordnancesurvey.co.uk/id/postcodedistrict/BD23,,,,,,,North Yorkshire,http://data.ordnancesurvey.co.uk/id/7000000000183627,http://data.ordnancesurvey.co.uk/ontology/admingeo/UnitaryAuthority,Yorkshire and the Humber,http://data.ordnancesurvey.co.uk/id/7000000000041430,England,http://data.ordnancesurvey.co.uk/id/country/england,,,
osgb4000000074783707,http://data.ordnancesurvey.co.uk/id/4000000074783707,Flout Hill,,,,landform,Hill Or Mountain,410057,467775,1000,300000,409807,467525,410307,468025,HG3,http://data.ordnancesurvey.co.uk/id/postcodedistrict/HG3,,,,,,,North Yorkshire,http://data.ordnancesurvey.co.uk/id/7000000000183627,http://data.ordnancesurvey.co.uk/ontology/admingeo/UnitaryAuthority,Yorkshire and the Humber,http://data.ordnancesurvey.co.uk/id/7000000000041430,England,http://data.ordnancesurvey.co.uk/id/country/england,,,
osgb4000000074729904,http://data.ordnancesurvey.co.uk/id/4000000074729904,Stone Gill Flat,,,,landcover,Other Landcover,404686,463411,5000,800000,404278,463129,405102,463694,BD23,http://data.ordnancesurvey.co.uk/id/postcodedistrict/BD23,,,,,,,North Yorkshire,http://data.ordnancesurvey.co.uk/id/7000000000183627,http://data.ordnancesurvey.co.uk/ontology/admingeo/UnitaryAuthority,Yorkshire and the Humber,http://data.ordnancesurvey.co.uk/id/7000000000041430,England,http://data.ordnancesurvey.co.uk/id/country/england,,,
osgb4000000074669447,http://data.ordnancesurvey.co.uk/id/4000000074669447,Scribus Plantation,,,,landcover,Woodland Or Forest,400096,462484,1000,400000,399845,462234,400345,462734,BD23,http://data.ordnancesurvey.co.uk/id/postcodedistrict/BD23,,,,,,,North Yorkshire,http://data.ordnancesurvey.co.uk/id/7000000000183627,http://data.ordnancesurvey.co.uk/ontology/admingeo/UnitaryAuthority,Yorkshire and the Humber,http://data.ordnancesurvey.co.uk/id/7000000000041430,England,http://data.ordnancesurvey.co.uk/id/country/england,,,
osgb4000000074594148,http://data.ordnancesurvey.co.uk/id/4000000074594148,Jordan Moss,,,,landcover,Other Landcover,411342,475423,4000,1300000,411092,475073,411592,475758,HG3,http://data.ordnancesurvey.co.uk/id/postcodedistrict/HG3,,,,,,,North Yorkshire,http://data.ordnancesurvey.co.uk/id/7000000000183627,http://data.ordnancesurvey.co.uk/ontology/admingeo/UnitaryAuthority,Yorkshire and the Humber,http://data.ordnancesurvey.co.uk/id/7000000000041430,England,http://data.ordnancesurvey.co.uk/id/country/england,,,
osgb4000000074783539,http://data.ordnancesurvey.co.uk/id/4000000074783539,Toothill,,,,landform,Hill Or Mountain,405426,464110,1000,300000,405176,463860,405676,464360,BD23,http://data.ordnancesurvey.co.uk/id/postcodedistrict/BD23,,,,,,,North Yorkshire,http://data.ordnancesurvey.co.uk/id/7000000000183627,http://data.ordnancesurvey.co.uk/ontology/admingeo/UnitaryAuthority,Yorkshire and the Humber,http://data.ordnancesurvey.co.uk/id/7000000000041430,England,http://data.ordnancesurvey.co.uk/id/country/england,,,
osgb4000000074772347,http://data.ordnancesurvey.co.uk/id/4000000074772347,Edge Top,,,,landform,Hill Or Mountain,403170,463536,1000,300000,402920,463286,403420,463786,BD23,http://data.ordnancesurvey.co.uk/id/postcodedistrict/BD23,,,,,,,North Yorkshire,http://data.ordnancesurvey.co.uk/id/7000000000183627,http://data.ordnancesurvey.co.uk/ontology/admingeo/UnitaryAuthority,Yorkshire and the Humber,http://data.ordnancesurvey.co.uk/id/7000000000041430,England,http://data.ordnancesurvey.co.uk/id/country/england,,,
osgb4000000074772393,http://data.ordnancesurvey.co.uk/id/4000000074772393,Chapel Hill,,,,landform,Hill Or Mountain,403871,460939,1000,300000,403621,460689,404121,461189,BD23,http://data.ordnancesurvey.co.uk/id/postcodedistrict/BD23,,,,,,,North Yorkshire,http://data.ordnancesurvey.co.uk/id/7000000000183627,http://data.ordnancesurvey.co.uk/ontology/admingeo/UnitaryAuthority,Yorkshire and the Humber,http://data.ordnancesurvey.co.uk/id/7000000000041430,England,http://data.ordnancesurvey.co.uk/id/country/england,,,
osgb4000000074730393,http://data.ordnancesurvey.co.uk/id/4000000074730393,West Pasture,,,,landcover,Other Landcover,410351,470945,5000,1300000,409968,470695,410710,471195,HG3,http://data.ordnancesurvey.co.uk/id/postcodedistrict/HG3,,,,,,,North Yorkshire,http://data.ordnancesurvey.co.uk/id/7000000000183627,http://data.ordnancesurvey.co.uk/ontology/admingeo/UnitaryAuthority,Yorkshire and the Humber,http://data.ordnancesurvey.co.uk/id/7000000000041430,England,http://data.ordnancesurvey.co.uk/id/country/england,,,
osgb4000000074783444,http://data.ordnancesurvey.co.uk/id/4000000074783444,Vipoints Hill,,,,landform,Hill Or Mountain,412218,465555,1000,300000,411968,465305,412468,465805,HG3,http://data.ordnancesurvey.co.uk/id/postcodedistrict/HG3,,,,,,,North Yorkshire,http://data.ordnancesurvey.co.uk/id/7000000000183627,http://data.ordnancesurvey.co.uk/ontology/admingeo/UnitaryAuthority,Yorkshire and the Humber,http://data.ordnancesurvey.co.uk/id/7000000000041430,England,http://data.ordnancesurvey.co.uk/id/country/england,,,
osgb4000000074813074,http://data.ordnancesurvey.co.uk/id/4000000074813074,Fell Side Allotment,,,,landcover,Other Landcover,407517,463918,6000,1300000,407247,463399,407788,464357,BD23,http://data.ordnancesurvey.co.uk/id/postcodedistrict/BD23,,,,,,,North Yorkshire,http://data.ordnancesurvey.co.uk/id/7000000000183627,http://data.ordnancesurvey.co.uk/ontology/admingeo/UnitaryAuthority,Yorkshire and the Humber,http://data.ordnancesurvey.co.uk/id/7000000000041430,England,http://data.ordnancesurvey.co.uk/id/country/england,,,
osgb4000000074599923,http://data.ordnancesurvey.co.uk/id/4000000074599923,Little Haw,,South Haw,,landform,Hill Or Mountain,408701,478857,1000,300000,408451,478607,408951,479107,HG3,http://data.ordnancesurvey.co.uk/id/postcodedistrict/HG3,,,,,,,North Yorkshire,http://data.ordnancesurvey.co.uk/id/7000000000183627,http://data.ordnancesurvey.co.uk/ontology/admingeo/UnitaryAuthority,Yorkshire and the Humber,http://data.ordnancesurvey.co.uk/id/7000000000041430,England,http://data.ordnancesurvey.co.uk/id/country/england,,,
osgb4000000074817774,http://data.ordnancesurvey.co.uk/id/4000000074817774,South Gill,,,,hydrography,Inland Water,418677,470905,5000,35000,417994,470655,418768,471155,HG4,http://data.ordnancesurvey.co.uk/id/postcodedistrict/HG4,,,,,,,North Yorkshire,http://data.ordnancesurvey.co.uk/id/7000000000183627,http://data.ordnancesurvey.co.uk/ontology/admingeo/UnitaryAuthority,Yorkshire and the Humber,http://data.ordnancesurvey.co.uk/id/7000000000041430,England,http://data.ordnancesurvey.co.uk/id/country/england,,,
osgb4000000074729847,http://data.ordnancesurvey.co.uk/id/4000000074729847,Arkleside Moor,,,,landcover,Other Landcover,405797,479356,18000,1300000,404296,478241,407060,480472,DL8,http://data.ordnancesurvey.co.uk/id/postcodedistrict/DL8,,,,,,,North Yorkshire,http://data.ordnancesurvey.co.uk/id/7000000000183627,http://data.ordnancesurvey.co.uk/ontology/admingeo/UnitaryAuthority,Yorkshire and the Humber,http://data.ordnancesurvey.co.uk/id/7000000000041430,England,http://data.ordnancesurvey.co.uk/id/country/england,,,
osgb4000000074783300,http://data.ordnancesurvey.co.uk/id/4000000074783300,Pincher Hill,,,,landform,Hill Or Mountain,414428,465382,1000,300000,414178,465132,414678,465632,HG3,http://data.ordnancesurvey.co.uk/id/postcodedistrict/HG3,,,,,,,North Yorkshire,http://data.ordnancesurvey.co.uk/id/7000000000183627,http://data.ordnancesurvey.co.uk/ontology/admingeo/UnitaryAuthority,Yorkshire and the Humber,http://data.ordnancesurvey.co.uk/id/7000000000041430,England,http://data.ordnancesurvey.co.uk/id/country/england,,,
osgb4000000074730394,http://data.ordnancesurvey.co.uk/id/4000000074730394,The Tongue,,,,landcover,Other Landcover,407729,469741,7000,1300000,407227,469492,408303,469992,HG3,http://data.ordnancesurvey.co.uk/id/postcodedistrict/HG3,,,,,,,North Yorkshire,http://data.ordnancesurvey.co.uk/id/7000000000183627,http://data.ordnancesurvey.co.uk/ontology/admingeo/UnitaryAuthority,Yorkshire and the Humber,http://data.ordnancesurvey.co.uk/id/7000000000041430,England,http://data.ordnancesurvey.co.uk/id/country/england,,,
osgb4000000074625173,http://data.ordnancesurvey.co.uk/id/4000000074625173,Birkenhaw Wood,,,,landcover,Woodland Or Forest,415170,468109,1000,400000,414911,467860,415411,468360,HG3,http://data.ordnancesurvey.co.uk/id/postcodedistrict/HG3,,,,,,,North Yorkshire,http://data.ordnancesurvey.co.uk/id/7000000000183627,http://data.ordnancesurvey.co.uk/ontology/admingeo/UnitaryAuthority,Yorkshire and the Humber,http://data.ordnancesurvey.co.uk/id/7000000000041430,England,http://data.ordnancesurvey.co.uk/id/country/england,,,
osgb4000000074802382,http://data.ordnancesurvey.co.uk/id/4000000074802382,Arnagill Dam,,,,hydrography,Inland Water,415124,476297,1000,500000,414874,476031,415374,476531,HG4,http://data.ordnancesurvey.co.uk/id/postcodedistrict/HG4,,,,,,,North Yorkshire,http://data.ordnancesurvey.co.uk/id/7000000000183627,http://data.ordnancesurvey.co.uk/ontology/admingeo/UnitaryAuthority,Yorkshire and the Humber,http://data.ordnancesurvey.co.uk/id/7000000000041430,England,http://data.ordnancesurvey.co.uk/id/country/england,,,
osgb4000000074666150,http://data.ordnancesurvey.co.uk/id/4000000074666150,Harefield Wood,,,,landcover,Woodland Or Forest,416564,464989,1000,400000,416314,464764,416814,465264,HG3,http://data.ordnancesurvey.co.uk/id/postcodedistrict/HG3,,,,,,,North Yorkshire,http://data.ordnancesurvey.co.uk/id/7000000000183627,http://data.ordnancesurvey.co.uk/ontology/admingeo/UnitaryAuthority,Yorkshire and the Humber,http://data.ordnancesurvey.co.uk/id/7000000000041430,England,http://data.ordnancesurvey.co.uk/id/country/england,,,
osgb4000000074738246,http://data.ordnancesurvey.co.uk/id/4000000074738246,Dallowgill Moor,,,,landcover,Other Landcover,416748,471203,5000,1300000,416426,470841,417070,471555,HG4,http://data.ordnancesurvey.co.uk/id/postcodedistrict/HG4,,,,,,,North Yorkshire,http://data.ordnancesurvey.co.uk/id/7000000000183627,http://data.ordnancesurvey.co.uk/ontology/admingeo/UnitaryAuthority,Yorkshire and the Humber,http://data.ordnancesurvey.co.uk/id/7000000000041430,England,http://data.ordnancesurvey.co.uk/id/country/england,,,
osgb4000000074726304,http://data.ordnancesurvey.co.uk/id/4000000074726304,Wising Gill Scar,,,,landform,Valley,407121,473164,2000,800000,406871,472948,407371,473448,HG3,http://data.ordnancesurvey.co.uk/id/postcodedistrict/HG3,,,,,,,North Yorkshire,http://data.ordnancesurvey.co.uk/id/7000000000183627,http://data.ordnancesurvey.co.uk/ontology/admingeo/UnitaryAuthority,Yorkshire and the Humber,http://data.ordnancesurvey.co.uk/id/7000000000041430,England,http://data.ordnancesurvey.co.uk/id/country/england,,,
osgb4000000074783259,http://data.ordnancesurvey.co.uk/id/4000000074783259,Hollin Hill,,,,landform,Hill Or Mountain,418403,465763,1000,300000,418153,465513,418653,466013,HG3,http://data.ordnancesurvey.co.uk/id/postcodedistrict/HG3,,,,,,,North Yorkshire,http://data.ordnancesurvey.co.uk/id/7000000000183627,http://data.ordnancesurvey.co.uk/ontology/admingeo/UnitaryAuthority,Yorkshire and the Humber,http://data.ordnancesurvey.co.uk/id/7000000000041430,England,http://data.ordnancesurvey.co.uk/id/country/england,,,
osgb4000000074802385,http://data.ordnancesurvey.co.uk/id/4000000074802385,Leighton Reservoir,,,,hydrography,Inland Water,415810,478486,10000,500000,415109,477598,416511,479060,HG4,http://data.ordnancesurvey.co.uk/id/postcodedistrict/HG4,,,,,,,North Yorkshire,http://data.ordnancesurvey.co.uk/id/7000000000183627,http://data.ordnancesurvey.co.uk/ontology/admingeo/UnitaryAuthority,Yorkshire and the Humber,http://data.ordnancesurvey.co.uk/id/7000000000041430,England,http://data.ordnancesurvey.co.uk/id/country/england,,,
osgb4000000073495648,http://data.ordnancesurvey.co.uk/id/4000000073495648,Nidderdale High School and Community College,,,,other,Secondary Education,414990,465890,2000,50000,414740,465650,415240,466150,HG3,http://data.ordnancesurvey.co.uk/id/postcodedistrict/HG3,,,,,,,North Yorkshire,http://data.ordnancesurvey.co.uk/id/7000000000183627,http://data.ordnancesurvey.co.uk/ontology/admingeo/UnitaryAuthority,Yorkshire and the Humber,http://data.ordnancesurvey.co.uk/id/7000000000041430,England,http://data.ordnancesurvey.co.uk/id/country/england,,,
osgb4000000073317768,http://data.ordnancesurvey.co.uk/id/4000000073317768,Dacre Braithwaite Church of England Primary School,,,,other,Primary Education,415607,460251,1000,50000,415359,460001,415859,460501,HG3,http://data.ordnancesurvey.co.uk/id/postcodedistrict/HG3,,,,,,,North Yorkshire,http://data.ordnancesurvey.co.uk/id/7000000000183627,http://data.ordnancesurvey.co.uk/ontology/admingeo/UnitaryAuthority,Yorkshire and the Humber,http://data.ordnancesurvey.co.uk/id/7000000000041430,England,http://data.ordnancesurvey.co.uk/id/country/england,,,
osgb4000000073314113,http://data.ordnancesurvey.co.uk/id/4000000073314113,Burnsall (Voluntary Aided) Primary School,,,,other,Primary Education,403262,461474,1000,50000,403010,461225,403510,461725,BD23,http://data.ordnancesurvey.co.uk/id/postcodedistrict/BD23,Burnsall,http://data.ordnancesurvey.co.uk/id/4000000074545783,http://www.ordnancesurvey.co.uk/xml/codelists/localtype.xml#village,,,,North Yorkshire,http://data.ordnancesurvey.co.uk/id/7000000000183627,http://data.ordnancesurvey.co.uk/ontology/admingeo/UnitaryAuthority,Yorkshire and the Humber,http://data.ordnancesurvey.co.uk/id/7000000000041430,England,http://data.ordnancesurvey.co.uk/id/country/england,,,
osgb4000000074816495,http://data.ordnancesurvey.co.uk/id/4000000074816495,Black Hill,,,,landform,Hill Or Mountain,408650,464487,1000,300000,408400,464237,408900,464737,HG3,http://data.ordnancesurvey.co.uk/id/postcodedistrict/HG3,,,,,,,North Yorkshire,http://data.ordnancesurvey.co.uk/id/7000000000183627,http://data.ordnancesurvey.co.uk/ontology/admingeo/UnitaryAuthority,Yorkshire and the Humber,http://data.ordnancesurvey.co.uk/id/7000000000041430,England,http://data.ordnancesurvey.co.uk/id/country/england,,,
osgb4000000074668205,http://data.ordnancesurvey.co.uk/id/4000000074668205,Hodgson Wood,,,,landcover,Woodland Or Forest,419263,471472,3000,400000,419013,471316,419513,471816,HG4,http://data.ordnancesurvey.co.uk/id/postcodedistrict/HG4,,,,,,,North Yorkshire,http://data.ordnancesurvey.co.uk/id/7000000000183627,http://data.ordnancesurvey.co.uk/ontology/admingeo/UnitaryAuthority,Yorkshire and the Humber,http://data.ordnancesurvey.co.uk/id/7000000000041430,England,http://data.ordnancesurvey.co.uk/id/country/england,,,
HG34BE,http://data.ordnancesurvey.co.uk/id/postcodeunit/HG34BE,HG3 4BE,,,,other,Postcode,419574,462116,3500,18000,,,,,,,Dacre Banks,http://data.ordnancesurvey.co.uk/id/4000000074546000,http://www.ordnancesurvey.co.uk/xml/codelists/localtype.xml#village,,,,North Yorkshire,http://data.ordnancesurvey.co.uk/id/7000000000183627,http://data.ordnancesurvey.co.uk/ontology/admingeo/UnitaryAuthority,Yorkshire and the Humber,http://data.ordnancesurvey.co.uk/id/7000000000041430,England,http://data.ordnancesurvey.co.uk/id/country/england,,,
osgb4000000074783540,http://data.ordnancesurvey.co.uk/id/4000000074783540,Combes Hill,,,,landform,Hill Or Mountain,406891,468158,1000,300000,406641,467908,407141,468408,BD23,http://data.ordnancesurvey.co.uk/id/postcodedistrict/BD23,,,,,,,North Yorkshire,http://data.ordnancesurvey.co.uk/id/7000000000183627,http://data.ordnancesurvey.co.uk/ontology/admingeo/UnitaryAuthority,Yorkshire and the Humber,http://data.ordnancesurvey.co.uk/id/7000000000041430,England,http://data.ordnancesurvey.co.uk/id/country/england,,,
BD235AN,http://data.ordnancesurvey.co.uk/id/postcodeunit/BD235AN,BD23 5AN,,,,other,Postcode,400256,463961,3500,18000,,,,,,,Grassington,http://data.ordnancesurvey.co.uk/id/4000000074564363,http://www.ordnancesurvey.co.uk/xml/codelists/localtype.xml#village,,,,North Yorkshire,http://data.ordnancesurvey.co.uk/id/7000000000183627,http://data.ordnancesurvey.co.uk/ontology/admingeo/UnitaryAuthority,Yorkshire and the Humber,http://data.ordnancesurvey.co.uk/id/7000000000041430,England,http://data.ordnancesurvey.co.uk/id/country/england,,,
osgb4000000074813082,http://data.ordnancesurvey.co.uk/id/4000000074813082,Trunla Allotment,,,,landcover,Other Landcover,407086,466042,11000,1300000,406551,464992,407622,466682,BD23,http://data.ordnancesurvey.co.uk/id/postcodedistrict/BD23,,,,,,,North Yorkshire,http://data.ordnancesurvey.co.uk/id/7000000000183627,http://data.ordnancesurvey.co.uk/ontology/admingeo/UnitaryAuthority,Yorkshire and the Humber,http://data.ordnancesurvey.co.uk/id/7000000000041430,England,http://data.ordnancesurvey.co.uk/id/country/england,,,
HG34EW,http://data.ordnancesurvey.co.uk/id/postcodeunit/HG34EW,HG3 4EW,,,,other,Postcode,419610,461776,3500,18000,,,,,,,Dacre Banks,http://data.ordnancesurvey.co.uk/id/4000000074546000,http://www.ordnancesurvey.co.uk/xml/codelists/localtype.xml#village,,,,North Yorkshire,http://data.ordnancesurvey.co.uk/id/7000000000183627,http://data.ordnancesurvey.co.uk/ontology/admingeo/UnitaryAuthority,Yorkshire and the Humber,http://data.ordnancesurvey.co.uk/id/7000000000041430,England,http://data.ordnancesurvey.co.uk/id/country/england,,,
osgb4000000074813073,http://data.ordnancesurvey.co.uk/id/4000000074813073,Jack Hole Allotment,,,,landcover,Other Landcover,408883,464572,14000,1300000,408035,463628,410151,465516,HG3,http://data.ordnancesurvey.co.uk/id/postcodedistrict/HG3,,,,,,,North Yorkshire,http://data.ordnancesurvey.co.uk/id/7000000000183627,http://data.ordnancesurvey.co.uk/ontology/admingeo/UnitaryAuthority,Yorkshire and the Humber,http://data.ordnancesurvey.co.uk/id/7000000000041430,England,http://data.ordnancesurvey.co.uk/id/country/england,,,
HG35ST,http://data.ordnancesurvey.co.uk/id/postcodeunit/HG35ST,HG3 5ST,,,,other,Postcode,409229,474206,3500,18000,,,,,,,Middlesmoor,http://data.ordnancesurvey.co.uk/id/4000000074545787,http://www.ordnancesurvey.co.uk/xml/codelists/localtype.xml#village,,,,North Yorkshire,http://data.ordnancesurvey.co.uk/id/7000000000183627,http://data.ordnancesurvey.co.uk/ontology/admingeo/UnitaryAuthority,Yorkshire and the Humber,http://data.ordnancesurvey.co.uk/id/7000000000041430,England,http://data.ordnancesurvey.co.uk/id/country/england,,,
osgb4000000073317881,http://data.ordnancesurvey.co.uk/id/4000000073317881,Glasshouses Community Primary School,,,,other,Primary Education,417149,464464,1000,50000,416899,464215,417399,464715,HG3,http://data.ordnancesurvey.co.uk/id/postcodedistrict/HG3,Glasshouses,http://data.ordnancesurvey.co.uk/id/4000000074546007,http://www.ordnancesurvey.co.uk/xml/codelists/localtype.xml#village,,,,North Yorkshire,http://data.ordnancesurvey.co.uk/id/7000000000183627,http://data.ordnancesurvey.co.uk/ontology/admingeo/UnitaryAuthority,Yorkshire and the Humber,http://data.ordnancesurvey.co.uk/id/7000000000041430,England,http://data.ordnancesurvey.co.uk/id/country/england,,,
HG35EA,http://data.ordnancesurvey.co.uk/id/postcodeunit/HG35EA,HG3 5EA,,,,other,Postcode,418012,464550,3500,18000,,,,,,,Wilsill,http://data.ordnancesurvey.co.uk/id/4000000074546006,http://www.ordnancesurvey.co.uk/xml/codelists/localtype.xml#village,,,,North Yorkshire,http://data.ordnancesurvey.co.uk/id/7000000000183627,http://data.ordnancesurvey.co.uk/ontology/admingeo/UnitaryAuthority,Yorkshire and the Humber,http://data.ordnancesurvey.co.uk/id/7000000000041430,England,http://data.ordnancesurvey.co.uk/id/country/england,,,
HG35QR,http://data.ordnancesurvey.co.uk/id/postcodeunit/HG35QR,HG3 5QR,,,,other,Postcode,417189,464630,3500,18000,,,,,,,Glasshouses,http://data.ordnancesurvey.co.uk/id/4000000074546007,http://www.ordnancesurvey.co.uk/xml/codelists/localtype.xml#village,,,,North Yorkshire,http://data.ordnancesurvey.co.uk/id/7000000000183627,http://data.ordnancesurvey.co.uk/ontology/admingeo/UnitaryAuthority,Yorkshire and the Humber,http://data.ordnancesurvey.co.uk/id/7000000000041430,England,http://data.ordnancesurvey.co.uk/id/country/england,,,
HG35LW,http://data.ordnancesurvey.co.uk/id/postcodeunit/HG35LW,HG3 5LW,,,,other,Postcode,416023,466025,3500,18000,,,,,,,Pateley Bridge,http://data.ordnancesurvey.co.uk/id/4000000074546010,http://www.ordnancesurvey.co.uk/xml/codelists/localtype.xml#town,,,,North Yorkshire,http://data.ordnancesurvey.co.uk/id/7000000000183627,http://data.ordnancesurvey.co.uk/ontology/admingeo/UnitaryAuthority,Yorkshire and the Humber,http://data.ordnancesurvey.co.uk/id/7000000000041430,England,http://data.ordnancesurvey.co.uk/id/country/england,,,
osgb4000000074730489,http://data.ordnancesurvey.co.uk/id/4000000074730489,Green Moor,,,,landcover,Other Landcover,412314,465304,3000,1300000,412061,465054,412561,465554,HG3,http://data.ordnancesurvey.co.uk/id/postcodedistrict/HG3,,,,,,,North Yorkshire,http://data.ordnancesurvey.co.uk/id/7000000000183627,http://data.ordnancesurvey.co.uk/ontology/admingeo/UnitaryAuthority,Yorkshire and the Humber,http://data.ordnancesurvey.co.uk/id/7000000000041430,England,http://data.ordnancesurvey.co.uk/id/country/england,,,
osgb4000000074813077,http://data.ordnancesurvey.co.uk/id/4000000074813077,High Allotment,,,,landcover,Other Landcover,401678,468553,4000,1300000,401417,468303,401967,468803,BD23,http://data.ordnancesurvey.co.uk/id/postcodedistrict/BD23,,,,,,,North Yorkshire,http://data.ordnancesurvey.co.uk/id/7000000000183627,http://data.ordnancesurvey.co.uk/ontology/admingeo/UnitaryAuthority,Yorkshire and the Humber,http://data.ordnancesurvey.co.uk/id/7000000000041430,England,http://data.ordnancesurvey.co.uk/id/country/england,,,
osgb4000000074783447,http://data.ordnancesurvey.co.uk/id/4000000074783447,Wake Hill,,,,landform,Hill Or Mountain,419039,470993,1000,300000,418789,470743,419289,471243,HG4,http://data.ordnancesurvey.co.uk/id/postcodedistrict/HG4,,,,,,,North Yorkshire,http://data.ordnancesurvey.co.uk/id/7000000000183627,http://data.ordnancesurvey.co.uk/ontology/admingeo/UnitaryAuthority,Yorkshire and the Humber,http://data.ordnancesurvey.co.uk/id/7000000000041430,England,http://data.ordnancesurvey.co.uk/id/country/england,,,
osgb4000000074808944,http://data.ordnancesurvey.co.uk/id/4000000074808944,Blow Tarn,,,,hydrography,Inland Water,409700,461899,1000,500000,409456,461650,409956,462150,HG3,http://data.ordnancesurvey.co.uk/id/postcodedistrict/HG3,,,,,,,North Yorkshire,http://data.ordnancesurvey.co.uk/id/7000000000183627,http://data.ordnancesurvey.co.uk/ontology/admingeo/UnitaryAuthority,Yorkshire and the Humber,http://data.ordnancesurvey.co.uk/id/7000000000041430,England,http://data.ordnancesurvey.co.uk/id/country/england,,,
osgb4000000074600060,http://data.ordnancesurvey.co.uk/id/4000000074600060,Little Whernside,,,,landform,Hill Or Mountain,402807,477647,1000,300000,402557,477397,403057,477897,DL8,http://data.ordnancesurvey.co.uk/id/postcodedistrict/DL8,,,,,,,North Yorkshire,http://data.ordnancesurvey.co.uk/id/7000000000183627,http://data.ordnancesurvey.co.uk/ontology/admingeo/UnitaryAuthority,Yorkshire and the Humber,http://data.ordnancesurvey.co.uk/id/7000000000041430,England,http://data.ordnancesurvey.co.uk/id/country/england,,,
osgb4000000074783538,http://data.ordnancesurvey.co.uk/id/4000000074783538,Gouthwaite Hill,,,,landform,Hill Or Mountain,411022,469081,1000,300000,410772,468831,411272,469331,HG3,http://data.ordnancesurvey.co.uk/id/postcodedistrict/HG3,,,,,,,North Yorkshire,http://data.ordnancesurvey.co.uk/id/7000000000183627,http://data.ordnancesurvey.co.uk/ontology/admingeo/UnitaryAuthority,Yorkshire and the Humber,http://data.ordnancesurvey.co.uk/id/7000000000041430,England,http://data.ordnancesurvey.co.uk/id/country/england,,,
osgb4000000074730278,http://data.ordnancesurvey.co.uk/id/4000000074730278,North Woods,,,,landcover,Other Landcover,418436,462008,3000,800000,418166,461759,418700,462259,HG3,http://data.ordnancesurvey.co.uk/id/postcodedistrict/HG3,,,,,,,North Yorkshire,http://data.ordnancesurvey.co.uk/id/7000000000183627,http://data.ordnancesurvey.co.uk/ontology/admingeo/UnitaryAuthority,Yorkshire and the Humber,http://data.ordnancesurvey.co.uk/id/7000000000041430,England,http://data.ordnancesurvey.co.uk/id/country/england,,,
osgb4000000074730172,http://data.ordnancesurvey.co.uk/id/4000000074730172,Moor,,,,landcover,Other Landcover,419923,471056,1000,1300000,419675,470806,420175,471306,HG4,http://data.ordnancesurvey.co.uk/id/postcodedistrict/HG4,,,,,,,North Yorkshire,http://data.ordnancesurvey.co.uk/id/7000000000183627,http://data.ordnancesurvey.co.uk/ontology/admingeo/UnitaryAuthority,Yorkshire and the Humber,http://data.ordnancesurvey.co.uk/id/7000000000041430,England,http://data.ordnancesurvey.co.uk/id/country/england,,,
osgb4000000074772369,http://data.ordnancesurvey.co.uk/id/4000000074772369,Skulberts Hill,,,,landform,Hill Or Mountain,401744,461942,1000,300000,401494,461692,401994,462192,BD23,http://data.ordnancesurvey.co.uk/id/postcodedistrict/BD23,,,,,,,North Yorkshire,http://data.ordnancesurvey.co.uk/id/7000000000183627,http://data.ordnancesurvey.co.uk/ontology/admingeo/UnitaryAuthority,Yorkshire and the Humber,http://data.ordnancesurvey.co.uk/id/7000000000041430,England,http://data.ordnancesurvey.co.uk/id/country/england,,,
osgb4000000074624130,http://data.ordnancesurvey.co.uk/id/4000000074624130,Hawkshaw Gill Wood,,,,landcover,Woodland Or Forest,418136,463338,8000,400000,417507,463076,418673,463600,HG3,http://data.ordnancesurvey.co.uk/id/postcodedistrict/HG3,,,,,,,North Yorkshire,http://data.ordnancesurvey.co.uk/id/7000000000183627,http://data.ordnancesurvey.co.uk/ontology/admingeo/UnitaryAuthority,Yorkshire and the Humber,http://data.ordnancesurvey.co.uk/id/7000000000041430,England,http://data.ordnancesurvey.co.uk/id/country/england,,,
osgb4000000074783491,http://data.ordnancesurvey.co.uk/id/4000000074783491,Greenhow Hill,,,,landform,Hill Or Mountain,411123,463876,1000,300000,410873,463626,411373,464126,HG3,http://data.ordnancesurvey.co.uk/id/postcodedistrict/HG3,,,,,,,North Yorkshire,http://data.ordnancesurvey.co.uk/id/7000000000183627,http://data.ordnancesurvey.co.uk/ontology/admingeo/UnitaryAuthority,Yorkshire and the Humber,http://data.ordnancesurvey.co.uk/id/7000000000041430,England,http://data.ordnancesurvey.co.uk/id/country/england,,,
osgb4000000074813064,http://data.ordnancesurvey.co.uk/id/4000000074813064,Wig Stones Allotment,,,,landcover,Other Landcover,414538,468795,3000,1300000,414288,468524,414788,469024,HG3,http://data.ordnancesurvey.co.uk/id/postcodedistrict/HG3,,,,,,,North Yorkshire,http://data.ordnancesurvey.co.uk/id/7000000000183627,http://data.ordnancesurvey.co.uk/ontology/admingeo/UnitaryAuthority,Yorkshire and the Humber,http://data.ordnancesurvey.co.uk/id/7000000000041430,England,http://data.ordnancesurvey.co.uk/id/country/england,,,
osgb4000000074802380,http://data.ordnancesurvey.co.uk/id/4000000074802380,Fiddle Neck Pond,,,,hydrography,Inland Water,419832,479826,1000,500000,419582,479555,420082,480055,HG4,http://data.ordnancesurvey.co.uk/id/postcodedistrict/HG4,,,,,,,North Yorkshire,http://data.ordnancesurvey.co.uk/id/7000000000183627,http://data.ordnancesurvey.co.uk/ontology/admingeo/UnitaryAuthority,Yorkshire and the Humber,http://data.ordnancesurvey.co.uk/id/7000000000041430,England,http://data.ordnancesurvey.co.uk/id/country/england,,,
osgb4000000074730290,http://data.ordnancesurvey.co.uk/id/4000000074730290,Peat Middle Pasture,,,,landcover,Other Landcover,401622,467868,4000,1300000,401313,467583,401941,468154,BD23,http://data.ordnancesurvey.co.uk/id/postcodedistrict/BD23,,,,,,,North Yorkshire,http://data.ordnancesurvey.co.uk/id/7000000000183627,http://data.ordnancesurvey.co.uk/ontology/admingeo/UnitaryAuthority,Yorkshire and the Humber,http://data.ordnancesurvey.co.uk/id/7000000000041430,England,http://data.ordnancesurvey.co.uk/id/country/england,,,
osgb4000000074813079,http://data.ordnancesurvey.co.uk/id/4000000074813079,Burhill Kiln Allotment,,,,landcover,Other Landcover,408023,461786,4000,1300000,407669,461537,408340,462037,BD23,http://data.ordnancesurvey.co.uk/id/postcodedistrict/BD23,,,,,,,North Yorkshire,http://data.ordnancesurvey.co.uk/id/7000000000183627,http://data.ordnancesurvey.co.uk/ontology/admingeo/UnitaryAuthority,Yorkshire and the Humber,http://data.ordnancesurvey.co.uk/id/7000000000041430,England,http://data.ordnancesurvey.co.uk/id/country/england,,,
osgb4000000074729697,http://data.ordnancesurvey.co.uk/id/4000000074729697,Angram Low Pasture,,,,landcover,Other Landcover,403264,476173,6000,1300000,402815,475923,403683,476423,DL8,http://data.ordnancesurvey.co.uk/id/postcodedistrict/DL8,,,,,,,North Yorkshire,http://data.ordnancesurvey.co.uk/id/7000000000183627,http://data.ordnancesurvey.co.uk/ontology/admingeo/UnitaryAuthority,Yorkshire and the Humber,http://data.ordnancesurvey.co.uk/id/7000000000041430,England,http://data.ordnancesurvey.co.uk/id/country/england,,,
osgb4000000074625176,http://data.ordnancesurvey.co.uk/id/4000000074625176,Park Hagg Wood,,,,landcover,Woodland Or Forest,412781,468218,4000,400000,412322,467969,412881,468469,HG3,http://data.ordnancesurvey.co.uk/id/postcodedistrict/HG3,,,,,,,North Yorkshire,http://data.ordnancesurvey.co.uk/id/7000000000183627,http://data.ordnancesurvey.co.uk/ontology/admingeo/UnitaryAuthority,Yorkshire and the Humber,http://data.ordnancesurvey.co.uk/id/7000000000041430,England,http://data.ordnancesurvey.co.uk/id/country/england,,,
osgb4000000074665738,http://data.ordnancesurvey.co.uk/id/4000000074665738,Granny's Wood,,,,landcover,Woodland Or Forest,419349,463599,1000,400000,419103,463349,419603,463849,HG3,http://data.ordnancesurvey.co.uk/id/postcodedistrict/HG3,,,,,,,North Yorkshire,http://data.ordnancesurvey.co.uk/id/7000000000183627,http://data.ordnancesurvey.co.uk/ontology/admingeo/UnitaryAuthority,Yorkshire and the Humber,http://data.ordnancesurvey.co.uk/id/7000000000041430,England,http://data.ordnancesurvey.co.uk/id/country/england,,,
osgb4000000074669865,http://data.ordnancesurvey.co.uk/id/4000000074669865,Lythe Plantation,,,,landcover,Woodland Or Forest,401355,462765,4000,400000,401114,462515,401667,463015,BD23,http://data.ordnancesurvey.co.uk/id/postcodedistrict/BD23,,,,,,,North Yorkshire,http://data.ordnancesurvey.co.uk/id/7000000000183627,http://data.ordnancesurvey.co.uk/ontology/admingeo/UnitaryAuthority,Yorkshire and the Humber,http://data.ordnancesurvey.co.uk/id/7000000000041430,England,http://data.ordnancesurvey.co.uk/id/country/england,,,
osgb4000000074729779,http://data.ordnancesurvey.co.uk/id/4000000074729779,Carle Fell,,,,landcover,Other Landcover,406260,478893,9000,1300000,405552,478237,406948,479548,HG3,http://data.ordnancesurvey.co.uk/id/postcodedistrict/HG3,,,,,,,North Yorkshire,http://data.ordnancesurvey.co.uk/id/7000000000183627,http://data.ordnancesurvey.co.uk/ontology/admingeo/UnitaryAuthority,Yorkshire and the Humber,http://data.ordnancesurvey.co.uk/id/7000000000041430,England,http://data.ordnancesurvey.co.uk/id/country/england,,,
osgb4000000074669457,http://data.ordnancesurvey.co.uk/id/4000000074669457,East Side Wood,,,,landcover,Woodland Or Forest,412681,471643,4000,400000,412384,471338,412977,471838,HG3,http://data.ordnancesurvey.co.uk/id/postcodedistrict/HG3,,,,,,,North Yorkshire,http://data.ordnancesurvey.co.uk/id/7000000000183627,http://data.ordnancesurvey.co.uk/ontology/admingeo/UnitaryAuthority,Yorkshire and the Humber,http://data.ordnancesurvey.co.uk/id/7000000000041430,England,http://data.ordnancesurvey.co.uk/id/country/england,,,
osgb4000000074730280,http://data.ordnancesurvey.co.uk/id/4000000074730280,Sweet Earth,,,,landcover,Other Landcover,414652,461955,11000,1300000,413733,461673,415461,462238,HG3,http://data.ordnancesurvey.co.uk/id/postcodedistrict/HG3,,,,,,,North Yorkshire,http://data.ordnancesurvey.co.uk/id/7000000000183627,http://data.ordnancesurvey.co.uk/ontology/admingeo/UnitaryAuthority,Yorkshire and the Humber,http://data.ordnancesurvey.co.uk/id/7000000000041430,England,http://data.ordnancesurvey.co.uk/id/country/england,,,
osgb4000000074783448,http://data.ordnancesurvey.co.uk/id/4000000074783448,Owse Head,,,,landform,Other Landform,418653,470434,4000,15000,418342,470138,418960,470730,HG4,http://data.ordnancesurvey.co.uk/id/postcodedistrict/HG4,,,,,,,North Yorkshire,http://data.ordnancesurvey.co.uk/id/7000000000183627,http://data.ordnancesurvey.co.uk/ontology/admingeo/UnitaryAuthority,Yorkshire and the Humber,http://data.ordnancesurvey.co.uk/id/7000000000041430,England,http://data.ordnancesurvey.co.uk/id/country/england,,,
osgb4000000074729908,http://data.ordnancesurvey.co.uk/id/4000000074729908,Knots Flat,,,,landcover,Other Landcover,404766,465256,5000,1300000,404517,464957,405017,465652,BD23,http://data.ordnancesurvey.co.uk/id/postcodedistrict/BD23,,,,,,,North Yorkshire,http://data.ordnancesurvey.co.uk/id/7000000000183627,http://data.ordnancesurvey.co.uk/ontology/admingeo/UnitaryAuthority,Yorkshire and the Humber,http://data.ordnancesurvey.co.uk/id/7000000000041430,England,http://data.ordnancesurvey.co.uk/id/country/england,,,
HG35QU,http://data.ordnancesurvey.co.uk/id/postcodeunit/HG35QU,HG3 5QU,,,,other,Postcode,417322,464595,3500,18000,,,,,,,Glasshouses,http://data.ordnancesurvey.co.uk/id/4000000074546007,http://www.ordnancesurvey.co.uk/xml/codelists/localtype.xml#village,,,,North Yorkshire,http://data.ordnancesurvey.co.uk/id/7000000000183627,http://data.ordnancesurvey.co.uk/ontology/admingeo/UnitaryAuthority,Yorkshire and the Humber,http://data.ordnancesurvey.co.uk/id/7000000000041430,England,http://data.ordnancesurvey.co.uk/id/country/england,,,
HG35LS,http://data.ordnancesurvey.co.uk/id/postcodeunit/HG35LS,HG3 5LS,,,,other,Postcode,415757,465887,3500,18000,,,,,,,Pateley Bridge,http://data.ordnancesurvey.co.uk/id/4000000074546010,http://www.ordnancesurvey.co.uk/xml/codelists/localtype.xml#town,,,,North Yorkshire,http://data.ordnancesurvey.co.uk/id/7000000000183627,http://data.ordnancesurvey.co.uk/ontology/admingeo/UnitaryAuthority,Yorkshire and the Humber,http://data.ordnancesurvey.co.uk/id/7000000000041430,England,http://data.ordnancesurvey.co.uk/id/country/england,,,
BD235AL,http://data.ordnancesurvey.co.uk/id/postcodeunit/BD235AL,BD23 5AL,,,,other,Postcode,400276,463956,3500,18000,,,,,,,Grassington,http://data.ordnancesurvey.co.uk/id/4000000074564363,http://www.ordnancesurvey.co.uk/xml/codelists/localtype.xml#village,,,,North Yorkshire,http://data.ordnancesurvey.co.uk/id/7000000000183627,http://data.ordnancesurvey.co.uk/ontology/admingeo/UnitaryAuthority,Yorkshire and the Humber,http://data.ordnancesurvey.co.uk/id/7000000000041430,England,http://data.ordnancesurvey.co.uk/id/country/england,,,
HG35WG,http://data.ordnancesurvey.co.uk/id/postcodeunit/HG35WG,HG3 5WG,,,,other,Postcode,415818,465623,3500,18000,,,,,,,Pateley Bridge,http://data.ordnancesurvey.co.uk/id/4000000074546010,http://www.ordnancesurvey.co.uk/xml/codelists/localtype.xml#town,,,,North Yorkshire,http://data.ordnancesurvey.co.uk/id/7000000000183627,http://data.ordnancesurvey.co.uk/ontology/admingeo/UnitaryAuthority,Yorkshire and the Humber,http://data.ordnancesurvey.co.uk/id/7000000000041430,England,http://data.ordnancesurvey.co.uk/id/country/england,,,
HG34EF,http://data.ordnancesurvey.co.uk/id/postcodeunit/HG34EF,HG3 4EF,,,,other,Postcode,419548,462084,3500,18000,,,,,,,Dacre Banks,http://data.ordnancesurvey.co.uk/id/4000000074546000,http://www.ordnancesurvey.co.uk/xml/codelists/localtype.xml#village,,,,North Yorkshire,http://data.ordnancesurvey.co.uk/id/7000000000183627,http://data.ordnancesurvey.co.uk/ontology/admingeo/UnitaryAuthority,Yorkshire and the Humber,http://data.ordnancesurvey.co.uk/id/7000000000041430,England,http://data.ordnancesurvey.co.uk/id/country/england,,,
HG35AU,http://data.ordnancesurvey.co.uk/id/postcodeunit/HG35AU,HG3 5AU,,,,other,Postcode,415707,465735,3500,18000,,,,,,,Pateley Bridge,http://data.ordnancesurvey.co.uk/id/4000000074546010,http://www.ordnancesurvey.co.uk/xml/codelists/localtype.xml#town,,,,North Yorkshire,http://data.ordnancesurvey.co.uk/id/7000000000183627,http://data.ordnancesurvey.co.uk/ontology/admingeo/UnitaryAuthority,Yorkshire and the Humber,http://data.ordnancesurvey.co.uk/id/7000000000041430,England,http://data.ordnancesurvey.co.uk/id/country/england,,,
HG34BG,http://data.ordnancesurvey.co.uk/id/postcodeunit/HG34BG,HG3 4BG,,,,other,Postcode,419669,462883,3500,18000,,,,,,,Summerbridge,http://data.ordnancesurvey.co.uk/id/4000000074545779,http://www.ordnancesurvey.co.uk/xml/codelists/localtype.xml#village,,,,North Yorkshire,http://data.ordnancesurvey.co.uk/id/7000000000183627,http://data.ordnancesurvey.co.uk/ontology/admingeo/UnitaryAuthority,Yorkshire and the Humber,http://data.ordnancesurvey.co.uk/id/7000000000041430,England,http://data.ordnancesurvey.co.uk/id/country/england,,,
HG35NA,http://data.ordnancesurvey.co.uk/id/postcodeunit/HG35NA,HG3 5NA,,,,other,Postcode,415891,465491,3500,18000,,,,,,,Pateley Bridge,http://data.ordnancesurvey.co.uk/id/4000000074546010,http://www.ordnancesurvey.co.uk/xml/codelists/localtype.xml#town,,,,North Yorkshire,http://data.ordnancesurvey.co.uk/id/7000000000183627,http://data.ordnancesurvey.co.uk/ontology/admingeo/UnitaryAuthority,Yorkshire and the Humber,http://data.ordnancesurvey.co.uk/id/7000000000041430,England,http://data.ordnancesurvey.co.uk/id/country/england,,,
HG34EE,http://data.ordnancesurvey.co.uk/id/postcodeunit/HG34EE,HG3 4EE,,,,other,Postcode,419578,462151,3500,18000,,,,,,,Dacre Banks,http://data.ordnancesurvey.co.uk/id/4000000074546000,http://www.ordnancesurvey.co.uk/xml/codelists/localtype.xml#village,,,,North Yorkshire,http://data.ordnancesurvey.co.uk/id/7000000000183627,http://data.ordnancesurvey.co.uk/ontology/admingeo/UnitaryAuthority,Yorkshire and the Humber,http://data.ordnancesurvey.co.uk/id/7000000000041430,England,http://data.ordnancesurvey.co.uk/id/country/england,,,
HG35LE,http://data.ordnancesurvey.co.uk/id/postcodeunit/HG35LE,HG3 5LE,,,,other,Postcode,415822,465783,3500,18000,,,,,,,Pateley Bridge,http://data.ordnancesurvey.co.uk/id/4000000074546010,http://www.ordnancesurvey.co.uk/xml/codelists/localtype.xml#town,,,,North Yorkshire,http://data.ordnancesurvey.co.uk/id/7000000000183627,http://data.ordnancesurvey.co.uk/ontology/admingeo/UnitaryAuthority,Yorkshire and the Humber,http://data.ordnancesurvey.co.uk/id/7000000000041430,England,http://data.ordnancesurvey.co.uk/id/country/england,,,
HG35HZ,http://data.ordnancesurvey.co.uk/id/postcodeunit/HG35HZ,HG3 5HZ,,,,other,Postcode,415825,464766,3500,18000,,,,,,,Bewerley,http://data.ordnancesurvey.co.uk/id/4000000074546009,http://www.ordnancesurvey.co.uk/xml/codelists/localtype.xml#village,,,,North Yorkshire,http://data.ordnancesurvey.co.uk/id/7000000000183627,http://data.ordnancesurvey.co.uk/ontology/admingeo/UnitaryAuthority,Yorkshire and the Humber,http://data.ordnancesurvey.co.uk/id/7000000000041430,England,http://data.ordnancesurvey.co.uk/id/country/england,,,
HG35AQ,http://data.ordnancesurvey.co.uk/id/postcodeunit/HG35AQ,HG3 5AQ,,,,other,Postcode,415624,465661,3500,18000,,,,,,,Pateley Bridge,http://data.ordnancesurvey.co.uk/id/4000000074546010,http://www.ordnancesurvey.co.uk/xml/codelists/localtype.xml#town,,,,North Yorkshire,http://data.ordnancesurvey.co.uk/id/7000000000183627,http://data.ordnancesurvey.co.uk/ontology/admingeo/UnitaryAuthority,Yorkshire and the Humber,http://data.ordnancesurvey.co.uk/id/7000000000041430,England,http://data.ordnancesurvey.co.uk/id/country/england,,,
HG35LZ,http://data.ordnancesurvey.co.uk/id/postcodeunit/HG35LZ,HG3 5LZ,,,,other,Postcode,416374,465496,3500,18000,,,,,,,Pateley Bridge,http://data.ordnancesurvey.co.uk/id/4000000074546010,http://www.ordnancesurvey.co.uk/xml/codelists/localtype.xml#town,,,,North Yorkshire,http://data.ordnancesurvey.co.uk/id/7000000000183627,http://data.ordnancesurvey.co.uk/ontology/admingeo/UnitaryAuthority,Yorkshire and the Humber,http://data.ordnancesurvey.co.uk/id/7000000000041430,England,http://data.ordnancesurvey.co.uk/id/country/england,,,
HG35RD,http://data.ordnancesurvey.co.uk/id/postcodeunit/HG35RD,HG3 5RD,,,,other,Postcode,417455,464681,3500,18000,,,,,,,Glasshouses,http://data.ordnancesurvey.co.uk/id/4000000074546007,http://www.ordnancesurvey.co.uk/xml/codelists/localtype.xml#village,,,,North Yorkshire,http://data.ordnancesurvey.co.uk/id/7000000000183627,http://data.ordnancesurvey.co.uk/ontology/admingeo/UnitaryAuthority,Yorkshire and the Humber,http://data.ordnancesurvey.co.uk/id/7000000000041430,England,http://data.ordnancesurvey.co.uk/id/country/england,,,
BD235EF,http://data.ordnancesurvey.co.uk/id/postcodeunit/BD235EF,BD23 5EF,,,,other,Postcode,400341,464135,3500,18000,,,,,,,Grassington,http://data.ordnancesurvey.co.uk/id/4000000074564363,http://www.ordnancesurvey.co.uk/xml/codelists/localtype.xml#village,,,,North Yorkshire,http://data.ordnancesurvey.co.uk/id/7000000000183627,http://data.ordnancesurvey.co.uk/ontology/admingeo/UnitaryAuthority,Yorkshire and the Humber,http://data.ordnancesurvey.co.uk/id/7000000000041430,England,http://data.ordnancesurvey.co.uk/id/country/england,,,
HG35LH,http://data.ordnancesurvey.co.uk/id/postcodeunit/HG35LH,HG3 5LH,,,,other,Postcode,415971,465950,3500,18000,,,,,,,Pateley Bridge,http://data.ordnancesurvey.co.uk/id/4000000074546010,http://www.ordnancesurvey.co.uk/xml/codelists/localtype.xml#town,,,,North Yorkshire,http://data.ordnancesurvey.co.uk/id/7000000000183627,http://data.ordnancesurvey.co.uk/ontology/admingeo/UnitaryAuthority,Yorkshire and the Humber,http://data.ordnancesurvey.co.uk/id/7000000000041430,England,http://data.ordnancesurvey.co.uk/id/country/england,,,
BD235LN,http://data.ordnancesurvey.co.uk/id/postcodeunit/BD235LN,BD23 5LN,,,,other,Postcode,400410,463665,3500,18000,,,,,,,Grassington,http://data.ordnancesurvey.co.uk/id/4000000074564363,http://www.ordnancesurvey.co.uk/xml/codelists/localtype.xml#village,,,,North Yorkshire,http://data.ordnancesurvey.co.uk/id/7000000000183627,http://data.ordnancesurvey.co.uk/ontology/admingeo/UnitaryAuthority,Yorkshire and the Humber,http://data.ordnancesurvey.co.uk/id/7000000000041430,England,http://data.ordnancesurvey.co.uk/id/country/england,,,
osgb4000000010976036,http://data.ordnancesurvey.co.uk/id/4000000010976036,Grassfield Close,,,,transportNetwork,Named Road,415281,465751,1000,20000,415276,465747,415309,465786,HG3,http://data.ordnancesurvey.co.uk/id/postcodedistrict/HG3,Pateley Bridge,http://data.ordnancesurvey.co.uk/id/4000000074546010,http://www.ordnancesurvey.co.uk/xml/codelists/localtype.xml#town,,,,North Yorkshire,http://data.ordnancesurvey.co.uk/id/7000000000183627,http://data.ordnancesurvey.co.uk/ontology/admingeo/UnitaryAuthority,Yorkshire and the Humber,http://data.ordnancesurvey.co.uk/id/7000000000041430,England,http://data.ordnancesurvey.co.uk/id/country/england,,,
BD236BN,http://data.ordnancesurvey.co.uk/id/postcodeunit/BD236BN,BD23 6BN,,,,other,Postcode,403156,461472,3500,18000,,,,,,,Burnsall,http://data.ordnancesurvey.co.uk/id/4000000074545783,http://www.ordnancesurvey.co.uk/xml/codelists/localtype.xml#village,,,,North Yorkshire,http://data.ordnancesurvey.co.uk/id/7000000000183627,http://data.ordnancesurvey.co.uk/ontology/admingeo/UnitaryAuthority,Yorkshire and the Humber,http://data.ordnancesurvey.co.uk/id/7000000000041430,England,http://data.ordnancesurvey.co.uk/id/country/england,,,
osgb4000000010950345,http://data.ordnancesurvey.co.uk/id/4000000010950345,Oak Lane,,,,transportNetwork,Named Road,419672,461931,1000,20000,419638,461873,419698,461990,HG3,http://data.ordnancesurvey.co.uk/id/postcodedistrict/HG3,Dacre Banks,http://data.ordnancesurvey.co.uk/id/4000000074546000,http://www.ordnancesurvey.co.uk/xml/codelists/localtype.xml#village,,,,North Yorkshire,http://data.ordnancesurvey.co.uk/id/7000000000183627,http://data.ordnancesurvey.co.uk/ontology/admingeo/UnitaryAuthority,Yorkshire and the Humber,http://data.ordnancesurvey.co.uk/id/7000000000041430,England,http://data.ordnancesurvey.co.uk/id/country/england,,,
HG35PU,http://data.ordnancesurvey.co.uk/id/postcodeunit/HG35PU,HG3 5PU,,,,other,Postcode,413830,467303,3500,18000,,,,,,,Heathfield,http://data.ordnancesurvey.co.uk/id/4000000074547281,http://www.ordnancesurvey.co.uk/xml/codelists/localtype.xml#hamlet,,,,North Yorkshire,http://data.ordnancesurvey.co.uk/id/7000000000183627,http://data.ordnancesurvey.co.uk/ontology/admingeo/UnitaryAuthority,Yorkshire and the Humber,http://data.ordnancesurvey.co.uk/id/7000000000041430,England,http://data.ordnancesurvey.co.uk/id/country/england,,,
HG34BX,http://data.ordnancesurvey.co.uk/id/postcodeunit/HG34BX,HG3 4BX,,,,other,Postcode,419226,463569,3500,18000,,,,,,,Low Laithe,http://data.ordnancesurvey.co.uk/id/4000000074545780,http://www.ordnancesurvey.co.uk/xml/codelists/localtype.xml#village,,,,North Yorkshire,http://data.ordnancesurvey.co.uk/id/7000000000183627,http://data.ordnancesurvey.co.uk/ontology/admingeo/UnitaryAuthority,Yorkshire and the Humber,http://data.ordnancesurvey.co.uk/id/7000000000041430,England,http://data.ordnancesurvey.co.uk/id/country/england,,,
BD236BQ,http://data.ordnancesurvey.co.uk/id/postcodeunit/BD236BQ,BD23 6BQ,,,,other,Postcode,400160,463241,3500,18000,,,,,,,Linton,http://data.ordnancesurvey.co.uk/id/4000000074564034,http://www.ordnancesurvey.co.uk/xml/codelists/localtype.xml#village,,,,North Yorkshire,http://data.ordnancesurvey.co.uk/id/7000000000183627,http://data.ordnancesurvey.co.uk/ontology/admingeo/UnitaryAuthority,Yorkshire and the Humber,http://data.ordnancesurvey.co.uk/id/7000000000041430,England,http://data.ordnancesurvey.co.uk/id/country/england,,,
29752ed8-e1ea-4550-888e-53bb65a5ba0b,http://data.ordnancesurvey.co.uk/id/29752ed8-e1ea-4550-888e-53bb65a5ba0b,B6265,,,,transportNetwork,Section Of Numbered Road,415688,465450,6000,25000,415270,465092,416253,465663,HG3,http://data.ordnancesurvey.co.uk/id/postcodedistrict/HG3,Pateley Bridge,http://data.ordnancesurvey.co.uk/id/4000000074546010,http://www.ordnancesurvey.co.uk/xml/codelists/localtype.xml#town,,,,North Yorkshire,http://data.ordnancesurvey.co.uk/id/7000000000183627,http://data.ordnancesurvey.co.uk/ontology/admingeo/UnitaryAuthority,Yorkshire and the Humber,http://data.ordnancesurvey.co.uk/id/7000000000041430,England,http://data.ordnancesurvey.co.uk/id/country/england,osgb4000000011107650,,
osgb4000000010969702,http://data.ordnancesurvey.co.uk/id/4000000010969702,Chapel Croft,,,,transportNetwork,Named Road,400263,464368,1000,20000,400252,464348,400266,464385,BD23,http://data.ordnancesurvey.co.uk/id/postcodedistrict/BD23,Grassington,http://data.ordnancesurvey.co.uk/id/4000000074564363,http://www.ordnancesurvey.co.uk/xml/codelists/localtype.xml#village,,,,North Yorkshire,http://data.ordnancesurvey.co.uk/id/7000000000183627,http://data.ordnancesurvey.co.uk/ontology/admingeo/UnitaryAuthority,Yorkshire and the Humber,http://data.ordnancesurvey.co.uk/id/7000000000041430,England,http://data.ordnancesurvey.co.uk/id/country/england,,,
HG34BY,http://data.ordnancesurvey.co.uk/id/postcodeunit/HG34BY,HG3 4BY,,,,other,Postcode,419191,463627,3500,18000,,,,,,,Low Laithe,http://data.ordnancesurvey.co.uk/id/4000000074545780,http://www.ordnancesurvey.co.uk/xml/codelists/localtype.xml#village,,,,North Yorkshire,http://data.ordnancesurvey.co.uk/id/7000000000183627,http://data.ordnancesurvey.co.uk/ontology/admingeo/UnitaryAuthority,Yorkshire and the Humber,http://data.ordnancesurvey.co.uk/id/7000000000041430,England,http://data.ordnancesurvey.co.uk/id/country/england,,,
osgb4000000010932595,http://data.ordnancesurvey.co.uk/id/4000000010932595,Kail Lane,,,,transportNetwork,Named Road,401501,461884,3000,20000,401253,461821,401732,461945,BD23,http://data.ordnancesurvey.co.uk/id/postcodedistrict/BD23,Thorpe,http://data.ordnancesurvey.co.uk/id/4000000074545777,http://www.ordnancesurvey.co.uk/xml/codelists/localtype.xml#hamlet,,,,North Yorkshire,http://data.ordnancesurvey.co.uk/id/7000000000183627,http://data.ordnancesurvey.co.uk/ontology/admingeo/UnitaryAuthority,Yorkshire and the Humber,http://data.ordnancesurvey.co.uk/id/7000000000041430,England,http://data.ordnancesurvey.co.uk/id/country/england,,,
BD235LY,http://data.ordnancesurvey.co.uk/id/postcodeunit/BD235LY,BD23 5LY,,,,other,Postcode,400183,464145,3500,18000,,,,,,,Grassington,http://data.ordnancesurvey.co.uk/id/4000000074564363,http://www.ordnancesurvey.co.uk/xml/codelists/localtype.xml#village,,,,North Yorkshire,http://data.ordnancesurvey.co.uk/id/7000000000183627,http://data.ordnancesurvey.co.uk/ontology/admingeo/UnitaryAuthority,Yorkshire and the Humber,http://data.ordnancesurvey.co.uk/id/7000000000041430,England,http://data.ordnancesurvey.co.uk/id/country/england,,,
HG34DY,http://data.ordnancesurvey.co.uk/id/postcodeunit/HG34DY,HG3 4DY,,,,other,Postcode,419717,462160,3500,18000,,,,,,,Dacre Banks,http://data.ordnancesurvey.co.uk/id/4000000074546000,http://www.ordnancesurvey.co.uk/xml/codelists/localtype.xml#village,,,,North Yorkshire,http://data.ordnancesurvey.co.uk/id/7000000000183627,http://data.ordnancesurvey.co.uk/ontology/admingeo/UnitaryAuthority,Yorkshire and the Humber,http://data.ordnancesurvey.co.uk/id/7000000000041430,England,http://data.ordnancesurvey.co.uk/id/country/england,,,
HG34JH,http://data.ordnancesurvey.co.uk/id/postcodeunit/HG34JH,HG3 4JH,,,,other,Postcode,419980,462674,3500,18000,,,,,,,Summerbridge,http://data.ordnancesurvey.co.uk/id/4000000074545779,http://www.ordnancesurvey.co.uk/xml/codelists/localtype.xml#village,,,,North Yorkshire,http://data.ordnancesurvey.co.uk/id/7000000000183627,http://data.ordnancesurvey.co.uk/ontology/admingeo/UnitaryAuthority,Yorkshire and the Humber,http://data.ordnancesurvey.co.uk/id/7000000000041430,England,http://data.ordnancesurvey.co.uk/id/country/england,,,
osgb4000000073314114,http://data.ordnancesurvey.co.uk/id/4000000073314114,Grassington Church of England (Voluntary Controlled) Primary School,,,,other,Primary Education,400185,463883,1000,50000,399935,463627,400435,464127,BD23,http://data.ordnancesurvey.co.uk/id/postcodedistrict/BD23,Grassington,http://data.ordnancesurvey.co.uk/id/4000000074564363,http://www.ordnancesurvey.co.uk/xml/codelists/localtype.xml#village,,,,North Yorkshire,http://data.ordnancesurvey.co.uk/id/7000000000183627,http://data.ordnancesurvey.co.uk/ontology/admingeo/UnitaryAuthority,Yorkshire and the Humber,http://data.ordnancesurvey.co.uk/id/7000000000041430,England,http://data.ordnancesurvey.co.uk/id/country/england,,,
93a77fc2-77be-4594-b939-a12bcd93ae6c,http://data.ordnancesurvey.co.uk/id/93a77fc2-77be-4594-b939-a12bcd93ae6c,Harewell Lane,,,,transportNetwork,Section Of Named Road,419706,462223,1000,25000,419679,462151,419721,462301,HG3,http://data.ordnancesurvey.co.uk/id/postcodedistrict/HG3,Dacre Banks,http://data.ordnancesurvey.co.uk/id/4000000074546000,http://www.ordnancesurvey.co.uk/xml/codelists/localtype.xml#village,,,,North Yorkshire,http://data.ordnancesurvey.co.uk/id/7000000000183627,http://data.ordnancesurvey.co.uk/ontology/admingeo/UnitaryAuthority,Yorkshire and the Humber,http://data.ordnancesurvey.co.uk/id/7000000000041430,England,http://data.ordnancesurvey.co.uk/id/country/england,osgb4000000010950356,,
1bd91292-7575-49ab-a975-b87864d14bca,http://data.ordnancesurvey.co.uk/id/1bd91292-7575-49ab-a975-b87864d14bca,Wath Road,,,,transportNetwork,Section Of Named Road,415716,466157,3000,25000,415574,465894,415888,466421,HG3,http://data.ordnancesurvey.co.uk/id/postcodedistrict/HG3,Pateley Bridge,http://data.ordnancesurvey.co.uk/id/4000000074546010,http://www.ordnancesurvey.co.uk/xml/codelists/localtype.xml#town,,,,North Yorkshire,http://data.ordnancesurvey.co.uk/id/7000000000183627,http://data.ordnancesurvey.co.uk/ontology/admingeo/UnitaryAuthority,Yorkshire and the Humber,http://data.ordnancesurvey.co.uk/id/7000000000041430,England,http://data.ordnancesurvey.co.uk/id/country/england,osgb4000000010937848,,
633a0c0b-8765-48eb-9b72-d356ab3e8ccf,http://data.ordnancesurvey.co.uk/id/633a0c0b-8765-48eb-9b72-d356ab3e8ccf,Broad Carr Road,,,,transportNetwork,Section Of Named Road,411779,471027,1000,25000,411693,471012,411858,471054,HG3,http://data.ordnancesurvey.co.uk/id/postcodedistrict/HG3,Ramsgill,http://data.ordnancesurvey.co.uk/id/4000000074545789,http://www.ordnancesurvey.co.uk/xml/codelists/localtype.xml#hamlet,,,,North Yorkshire,http://data.ordnancesurvey.co.uk/id/7000000000183627,http://data.ordnancesurvey.co.uk/ontology/admingeo/UnitaryAuthority,Yorkshire and the Humber,http://data.ordnancesurvey.co.uk/id/7000000000041430,England,http://data.ordnancesurvey.co.uk/id/country/england,osgb4000000010930688,,
96235fc0-c9ad-419f-9985-a4c46e243221,http://data.ordnancesurvey.co.uk/id/96235fc0-c9ad-419f-9985-a4c46e243221,The Rakes,,,,transportNetwork,Section Of Named Road,405020,460208,1000,25000,405015,460177,405027,460234,BD23,http://data.ordnancesurvey.co.uk/id/postcodedistrict/BD23,Appletreewick,http://data.ordnancesurvey.co.uk/id/4000000074547503,http://www.ordnancesurvey.co.uk/xml/codelists/localtype.xml#village,,,,North Yorkshire,http://data.ordnancesurvey.co.uk/id/7000000000183627,http://data.ordnancesurvey.co.uk/ontology/admingeo/UnitaryAuthority,Yorkshire and the Humber,http://data.ordnancesurvey.co.uk/id/7000000000041430,England,http://data.ordnancesurvey.co.uk/id/country/england,osgb5000005232279671,,
b86b9b08-70a6-4308-ba38-a415ce4187a4,http://data.ordnancesurvey.co.uk/id/b86b9b08-70a6-4308-ba38-a415ce4187a4,Low Lane,,,,transportNetwork,Section Of Named Road,400442,464032,2000,25000,400386,463884,400552,464129,BD23,http://data.ordnancesurvey.co.uk/id/postcodedistrict/BD23,,,,,,,North Yorkshire,http://data.ordnancesurvey.co.uk/id/7000000000183627,http://data.ordnancesurvey.co.uk/ontology/admingeo/UnitaryAuthority,Yorkshire and the Humber,http://data.ordnancesurvey.co.uk/id/7000000000041430,England,http://data.ordnancesurvey.co.uk/id/country/england,osgb4000000010940818,,
osgb4000000010930481,http://data.ordnancesurvey.co.uk/id/4000000010930481,Woodmanwray Lane,,,,transportNetwork,Named Road,416461,461465,6000,20000,415970,461332,416853,461558,HG3,http://data.ordnancesurvey.co.uk/id/postcodedistrict/HG3,,,,,,,North Yorkshire,http://data.ordnancesurvey.co.uk/id/7000000000183627,http://data.ordnancesurvey.co.uk/ontology/admingeo/UnitaryAuthority,Yorkshire and the Humber,http://data.ordnancesurvey.co.uk/id/7000000000041430,England,http://data.ordnancesurvey.co.uk/id/country/england,,,
osgb5000005232279649,http://data.ordnancesurvey.co.uk/id/5000005232279649,Banks Lane,,,,transportNetwork,Named Road,405362,460585,2000,20000,405185,460436,405543,460734,BD23,http://data.ordnancesurvey.co.uk/id/postcodedistrict/BD23,,,,,,,North Yorkshire,http://data.ordnancesurvey.co.uk/id/7000000000183627,http://data.ordnancesurvey.co.uk/ontology/admingeo/UnitaryAuthority,Yorkshire and the Humber,http://data.ordnancesurvey.co.uk/id/7000000000041430,England,http://data.ordnancesurvey.co.uk/id/country/england,,,
osgb4000000010928284,http://data.ordnancesurvey.co.uk/id/4000000010928284,Skuff Road,,,,transportNetwork,Named Road,403542,461443,3000,20000,403329,461266,403811,461761,BD23,http://data.ordnancesurvey.co.uk/id/postcodedistrict/BD23,,,,,,,North Yorkshire,http://data.ordnancesurvey.co.uk/id/7000000000183627,http://data.ordnancesurvey.co.uk/ontology/admingeo/UnitaryAuthority,Yorkshire and the Humber,http://data.ordnancesurvey.co.uk/id/7000000000041430,England,http://data.ordnancesurvey.co.uk/id/country/england,,,
osgb4000000010937508,http://data.ordnancesurvey.co.uk/id/4000000010937508,High Street,,,,transportNetwork,Named Road,415847,465626,1000,20000,415748,465576,415948,465663,HG3,http://data.ordnancesurvey.co.uk/id/postcodedistrict/HG3,Pateley Bridge,http://data.ordnancesurvey.co.uk/id/4000000074546010,http://www.ordnancesurvey.co.uk/xml/codelists/localtype.xml#town,,,,North Yorkshire,http://data.ordnancesurvey.co.uk/id/7000000000183627,http://data.ordnancesurvey.co.uk/ontology/admingeo/UnitaryAuthority,Yorkshire and the Humber,http://data.ordnancesurvey.co.uk/id/7000000000041430,England,http://data.ordnancesurvey.co.uk/id/country/england,,,
osgb4000000073314122,http://data.ordnancesurvey.co.uk/id/4000000073314122,Fountains Earth Lofthouse Church of England (Endowed) Primary School,,,,other,Primary Education,410188,473315,1000,50000,409924,473065,410424,473565,HG3,http://data.ordnancesurvey.co.uk/id/postcodedistrict/HG3,Lofthouse,http://data.ordnancesurvey.co.uk/id/4000000074545785,http://www.ordnancesurvey.co.uk/xml/codelists/localtype.xml#village,,,,North Yorkshire,http://data.ordnancesurvey.co.uk/id/7000000000183627,http://data.ordnancesurvey.co.uk/ontology/admingeo/UnitaryAuthority,Yorkshire and the Humber,http://data.ordnancesurvey.co.uk/id/7000000000041430,England,http://data.ordnancesurvey.co.uk/id/country/england,,,
osgb4000000073317904,http://data.ordnancesurvey.co.uk/id/4000000073317904,St Cuthbert's Church of England Primary School,,,,other,Primary Education,415771,465771,1000,50000,415512,465521,416012,466021,HG3,http://data.ordnancesurvey.co.uk/id/postcodedistrict/HG3,Pateley Bridge,http://data.ordnancesurvey.co.uk/id/4000000074546010,http://www.ordnancesurvey.co.uk/xml/codelists/localtype.xml#town,,,,North Yorkshire,http://data.ordnancesurvey.co.uk/id/7000000000183627,http://data.ordnancesurvey.co.uk/ontology/admingeo/UnitaryAuthority,Yorkshire and the Humber,http://data.ordnancesurvey.co.uk/id/7000000000041430,England,http://data.ordnancesurvey.co.uk/id/country/england,,,
osgb4000000010969700,http://data.ordnancesurvey.co.uk/id/4000000010969700,Wharfe Lane,,,,transportNetwork,Named Road,400052,464073,1000,20000,400004,464042,400080,464093,BD23,http://data.ordnancesurvey.co.uk/id/postcodedistrict/BD23,Grassington,http://data.ordnancesurvey.co.uk/id/4000000074564363,http://www.ordnancesurvey.co.uk/xml/codelists/localtype.xml#village,,,,North Yorkshire,http://data.ordnancesurvey.co.uk/id/7000000000183627,http://data.ordnancesurvey.co.uk/ontology/admingeo/UnitaryAuthority,Yorkshire and the Humber,http://data.ordnancesurvey.co.uk/id/7000000000041430,England,http://data.ordnancesurvey.co.uk/id/country/england,,,
osgb4000000010925746,http://data.ordnancesurvey.co.uk/id/4000000010925746,Dacre Lane,,,,transportNetwork,Named Road,417845,460500,16000,20000,416799,459680,419229,460989,HG3,http://data.ordnancesurvey.co.uk/id/postcodedistrict/HG3,,,,,,,North Yorkshire,http://data.ordnancesurvey.co.uk/id/7000000000183627,http://data.ordnancesurvey.co.uk/ontology/admingeo/UnitaryAuthority,Yorkshire and the Humber,http://data.ordnancesurvey.co.uk/id/7000000000041430,England,http://data.ordnancesurvey.co.uk/id/country/england,,,
osgb4000000010976041,http://data.ordnancesurvey.co.uk/id/4000000010976041,Station Close,,,,transportNetwork,Named Road,419608,461950,1000,20000,419599,461934,419640,461973,HG3,http://data.ordnancesurvey.co.uk/id/postcodedistrict/HG3,Dacre Banks,http://data.ordnancesurvey.co.uk/id/4000000074546000,http://www.ordnancesurvey.co.uk/xml/codelists/localtype.xml#village,,,,North Yorkshire,http://data.ordnancesurvey.co.uk/id/7000000000183627,http://data.ordnancesurvey.co.uk/ontology/admingeo/UnitaryAuthority,Yorkshire and the Humber,http://data.ordnancesurvey.co.uk/id/7000000000041430,England,http://data.ordnancesurvey.co.uk/id/country/england,,,
osgb4000000010940811,http://data.ordnancesurvey.co.uk/id/4000000010940811,Hardy Meadows,,,,transportNetwork,Named Road,400369,463783,1000,20000,400289,463754,400463,463830,BD23,http://data.ordnancesurvey.co.uk/id/postcodedistrict/BD23,Grassington,http://data.ordnancesurvey.co.uk/id/4000000074564363,http://www.ordnancesurvey.co.uk/xml/codelists/localtype.xml#village,,,,North Yorkshire,http://data.ordnancesurvey.co.uk/id/7000000000183627,http://data.ordnancesurvey.co.uk/ontology/admingeo/UnitaryAuthority,Yorkshire and the Humber,http://data.ordnancesurvey.co.uk/id/7000000000041430,England,http://data.ordnancesurvey.co.uk/id/country/england,,,
8893982c-9b39-481f-be31-8abcca2ef968,http://data.ordnancesurvey.co.uk/id/8893982c-9b39-481f-be31-8abcca2ef968,Lythe Flat Lane,,,,transportNetwork,Section Of Named Road,402680,462805,1000,25000,402671,462790,402684,462810,BD23,http://data.ordnancesurvey.co.uk/id/postcodedistrict/BD23,Hebden,http://data.ordnancesurvey.co.uk/id/4000000074547511,http://www.ordnancesurvey.co.uk/xml/codelists/localtype.xml#village,,,,North Yorkshire,http://data.ordnancesurvey.co.uk/id/7000000000183627,http://data.ordnancesurvey.co.uk/ontology/admingeo/UnitaryAuthority,Yorkshire and the Humber,http://data.ordnancesurvey.co.uk/id/7000000000041430,England,http://data.ordnancesurvey.co.uk/id/country/england,osgb5000005232456581,,
osgb4000000011114540,http://data.ordnancesurvey.co.uk/id/4000000011114540,Kings Close,,,,transportNetwork,Named Road,415669,465785,1000,20000,415655,465774,415697,465796,HG3,http://data.ordnancesurvey.co.uk/id/postcodedistrict/HG3,Pateley Bridge,http://data.ordnancesurvey.co.uk/id/4000000074546010,http://www.ordnancesurvey.co.uk/xml/codelists/localtype.xml#town,,,,North Yorkshire,http://data.ordnancesurvey.co.uk/id/7000000000183627,http://data.ordnancesurvey.co.uk/ontology/admingeo/UnitaryAuthority,Yorkshire and the Humber,http://data.ordnancesurvey.co.uk/id/7000000000041430,England,http://data.ordnancesurvey.co.uk/id/country/england,,,
osgb4000000010930470,http://data.ordnancesurvey.co.uk/id/4000000010930470,West Lane,,,,transportNetwork,Named Road,412899,465410,11000,20000,412054,465308,413787,465815,HG3,http://data.ordnancesurvey.co.uk/id/postcodedistrict/HG3,,,,,,,North Yorkshire,http://data.ordnancesurvey.co.uk/id/7000000000183627,http://data.ordnancesurvey.co.uk/ontology/admingeo/UnitaryAuthority,Yorkshire and the Humber,http://data.ordnancesurvey.co.uk/id/7000000000041430,England,http://data.ordnancesurvey.co.uk/id/country/england,,,
336a0479-0ecf-4c4f-a769-c966ca42f38a,http://data.ordnancesurvey.co.uk/id/336a0479-0ecf-4c4f-a769-c966ca42f38a,Wath Road,,,,transportNetwork,Section Of Named Road,414879,467562,3000,25000,414720,467276,415013,467793,HG3,http://data.ordnancesurvey.co.uk/id/postcodedistrict/HG3,Wath,http://data.ordnancesurvey.co.uk/id/4000000074547280,http://www.ordnancesurvey.co.uk/xml/codelists/localtype.xml#hamlet,,,,North Yorkshire,http://data.ordnancesurvey.co.uk/id/7000000000183627,http://data.ordnancesurvey.co.uk/ontology/admingeo/UnitaryAuthority,Yorkshire and the Humber,http://data.ordnancesurvey.co.uk/id/7000000000041430,England,http://data.ordnancesurvey.co.uk/id/country/england,osgb4000000010937848,,
99a8ed9d-a0d2-45e9-9c70-0ed25cf3c121,http://data.ordnancesurvey.co.uk/id/99a8ed9d-a0d2-45e9-9c70-0ed25cf3c121,Barden Fell View,,,,transportNetwork,Section Of Named Road,400438,463640,1000,25000,400432,463634,400441,463644,BD23,http://data.ordnancesurvey.co.uk/id/postcodedistrict/BD23,Grassington,http://data.ordnancesurvey.co.uk/id/4000000074564363,http://www.ordnancesurvey.co.uk/xml/codelists/localtype.xml#village,,,,North Yorkshire,http://data.ordnancesurvey.co.uk/id/7000000000183627,http://data.ordnancesurvey.co.uk/ontology/admingeo/UnitaryAuthority,Yorkshire and the Humber,http://data.ordnancesurvey.co.uk/id/7000000000041430,England,http://data.ordnancesurvey.co.uk/id/country/england,osgb4000000010954776,,
a1279d6b-3692-4ae3-975e-49f518b73c06,http://data.ordnancesurvey.co.uk/id/a1279d6b-3692-4ae3-975e-49f518b73c06,Duck Street Lane,,,,transportNetwork,Section Of Named Road,411371,463968,3000,25000,411249,463713,411413,464176,HG3,http://data.ordnancesurvey.co.uk/id/postcodedistrict/HG3,Greenhow,http://data.ordnancesurvey.co.uk/id/4000000074331762,http://www.ordnancesurvey.co.uk/xml/codelists/localtype.xml#village,,,,North Yorkshire,http://data.ordnancesurvey.co.uk/id/7000000000183627,http://data.ordnancesurvey.co.uk/ontology/admingeo/UnitaryAuthority,Yorkshire and the Humber,http://data.ordnancesurvey.co.uk/id/7000000000041430,England,http://data.ordnancesurvey.co.uk/id/country/england,osgb4000000010927090,,
osgb4000000010954794,http://data.ordnancesurvey.co.uk/id/4000000010954794,Brook Street,,,,transportNetwork,Named Road,402589,463238,1000,20000,402572,463191,402603,463291,BD23,http://data.ordnancesurvey.co.uk/id/postcodedistrict/BD23,Hebden,http://data.ordnancesurvey.co.uk/id/4000000074547511,http://www.ordnancesurvey.co.uk/xml/codelists/localtype.xml#village,,,,North Yorkshire,http://data.ordnancesurvey.co.uk/id/7000000000183627,http://data.ordnancesurvey.co.uk/ontology/admingeo/UnitaryAuthority,Yorkshire and the Humber,http://data.ordnancesurvey.co.uk/id/7000000000041430,England,http://data.ordnancesurvey.co.uk/id/country/england,,,
osgb4000000010976047,http://data.ordnancesurvey.co.uk/id/4000000010976047,Riggs Spring,,,,transportNetwork,Named Road,419731,463254,5000,20000,419646,462907,419787,463612,HG3,http://data.ordnancesurvey.co.uk/id/postcodedistrict/HG3,,,,,,,North Yorkshire,http://data.ordnancesurvey.co.uk/id/7000000000183627,http://data.ordnancesurvey.co.uk/ontology/admingeo/UnitaryAuthority,Yorkshire and the Humber,http://data.ordnancesurvey.co.uk/id/7000000000041430,England,http://data.ordnancesurvey.co.uk/id/country/england,,,
osgb5000005288536918,http://data.ordnancesurvey.co.uk/id/5000005288536918,Northwood Close,,,,transportNetwork,Named Road,400166,464147,1000,20000,400161,464133,400168,464157,BD23,http://data.ordnancesurvey.co.uk/id/postcodedistrict/BD23,Grassington,http://data.ordnancesurvey.co.uk/id/4000000074564363,http://www.ordnancesurvey.co.uk/xml/codelists/localtype.xml#village,,,,North Yorkshire,http://data.ordnancesurvey.co.uk/id/7000000000183627,http://data.ordnancesurvey.co.uk/ontology/admingeo/UnitaryAuthority,Yorkshire and the Humber,http://data.ordnancesurvey.co.uk/id/7000000000041430,England,http://data.ordnancesurvey.co.uk/id/country/england,,,
9af07f41-96b1-4d3d-8a13-716660f0ad8b,http://data.ordnancesurvey.co.uk/id/9af07f41-96b1-4d3d-8a13-716660f0ad8b,Dacre Lane,,,,transportNetwork,Section Of Named Road,419112,460940,1000,25000,419054,460931,419229,460961,HG3,http://data.ordnancesurvey.co.uk/id/postcodedistrict/HG3,Dacre,http://data.ordnancesurvey.co.uk/id/4000000074545999,http://www.ordnancesurvey.co.uk/xml/codelists/localtype.xml#village,,,,North Yorkshire,http://data.ordnancesurvey.co.uk/id/7000000000183627,http://data.ordnancesurvey.co.uk/ontology/admingeo/UnitaryAuthority,Yorkshire and the Humber,http://data.ordnancesurvey.co.uk/id/7000000000041430,England,http://data.ordnancesurvey.co.uk/id/country/england,osgb4000000010925746,,
osgb4000000010950346,http://data.ordnancesurvey.co.uk/id/4000000010950346,Grange Road,,,,transportNetwork,Named Road,419620,462072,1000,20000,419566,462011,419680,462073,HG3,http://data.ordnancesurvey.co.uk/id/postcodedistrict/HG3,Dacre Banks,http://data.ordnancesurvey.co.uk/id/4000000074546000,http://www.ordnancesurvey.co.uk/xml/codelists/localtype.xml#village,,,,North Yorkshire,http://data.ordnancesurvey.co.uk/id/7000000000183627,http://data.ordnancesurvey.co.uk/ontology/admingeo/UnitaryAuthority,Yorkshire and the Humber,http://data.ordnancesurvey.co.uk/id/7000000000041430,England,http://data.ordnancesurvey.co.uk/id/country/england,,,
osgb4000000010930467,http://data.ordnancesurvey.co.uk/id/4000000010930467,Greenhow Hill,,,,transportNetwork,Named Road,410933,464049,4000,20000,410671,463929,411249,464176,HG3,http://data.ordnancesurvey.co.uk/id/postcodedistrict/HG3,Greenhow,http://data.ordnancesurvey.co.uk/id/4000000074331762,http://www.ordnancesurvey.co.uk/xml/codelists/localtype.xml#village,,,,North Yorkshire,http://data.ordnancesurvey.co.uk/id/7000000000183627,http://data.ordnancesurvey.co.uk/ontology/admingeo/UnitaryAuthority,Yorkshire and the Humber,http://data.ordnancesurvey.co.uk/id/7000000000041430,England,http://data.ordnancesurvey.co.uk/id/country/england,,,
osgb4000000010927092,http://data.ordnancesurvey.co.uk/id/4000000010927092,Nought Moor Road,,,,transportNetwork,Named Road,416000,462972,10000,20000,415575,462215,416242,463696,HG3,http://data.ordnancesurvey.co.uk/id/postcodedistrict/HG3,,,,,,,North Yorkshire,http://data.ordnancesurvey.co.uk/id/7000000000183627,http://data.ordnancesurvey.co.uk/ontology/admingeo/UnitaryAuthority,Yorkshire and the Humber,http://data.ordnancesurvey.co.uk/id/7000000000041430,England,http://data.ordnancesurvey.co.uk/id/country/england,,,
osgb4000000010930498,http://data.ordnancesurvey.co.uk/id/4000000010930498,Lupton Bank,,,,transportNetwork,Named Road,417714,464594,6000,20000,417272,464504,418166,464837,HG3,http://data.ordnancesurvey.co.uk/id/postcodedistrict/HG3,Glasshouses,http://data.ordnancesurvey.co.uk/id/4000000074546007,http://www.ordnancesurvey.co.uk/xml/codelists/localtype.xml#village,,,,North Yorkshire,http://data.ordnancesurvey.co.uk/id/7000000000183627,http://data.ordnancesurvey.co.uk/ontology/admingeo/UnitaryAuthority,Yorkshire and the Humber,http://data.ordnancesurvey.co.uk/id/7000000000041430,England,http://data.ordnancesurvey.co.uk/id/country/england,,,
